-2.212007615231913693e+00,4.271469614204305154e-01
-1.798615984641110943e+00,3.226025850850966492e-01
-2.250576743527240353e+00,-1.904190563579421791e-01
-2.655421418606218165e+00,-3.609712558314411290e-01
3.438943592214103173e+00,1.200478644569472619e+00
-1.664974857182432766e+00,-2.520321938138347928e-01
-1.748280345247506862e+00,-2.061911343042146794e-01
1.372485841975341181e+00,1.516056758307923635e+00
-2.203192111974402678e+00,-6.391869525895454984e-01
3.503258166255624140e+00,7.591407211984187997e-01
-2.389943292993911506e+00,-1.483119543853299860e-01
5.054499504446243741e+00,-2.291959350095779779e+00
-2.286346464960842262e+00,-4.106665892034609966e-01
-2.335579183712828133e+00,-4.797579455150000616e-01
3.588036029864890564e-01,1.985416336023092088e+00
-2.151248385840430988e+00,1.083894566366921108e-01
-2.445609725872035511e+00,-2.441139967327834448e-01
3.554745132334451885e+00,5.236863792152056662e-01
-2.514692417371234612e+00,-3.744430618933269339e-01
3.126053289486679265e+00,1.470382510811188315e+00
2.949283593839129303e+00,2.768519106714287248e-01
3.247636424159061619e+00,1.303978194498205179e+00
3.474738769360512070e+00,6.519797857735171176e-01
1.056683696664700411e+00,2.909618054279658139e+00
-1.735796660289786741e+00,-3.840554336192122942e-01
3.326337656688714173e+00,1.942516947255562565e+00
-1.881880682624901935e+00,-1.493134013237549795e-01
2.299687964876052426e+00,-1.456124408989475649e-01
3.331581153881520763e+00,1.095238081523255413e+00
2.746562828215556973e+00,9.590280351328702713e-01
-1.029262774704871930e+00,-3.512620331385025718e-01
6.105022800224695345e+00,-1.831078402306390407e+00
-2.100370359186043423e+00,-5.246200513758915163e-01
3.048564507034739357e+00,-8.265407812564247447e-02
-2.319309177721173842e+00,-2.957296484379934864e-01
-1.665313037851173572e+00,-4.776673677155625075e-01
-1.778174569779624736e+00,-2.128869774764454437e-01
-1.322966058240543363e+00,5.796899698293133119e-01
-1.636151153972931427e+00,-4.176399122381324047e-01
-1.528671259859553544e+00,3.420851273185978592e-01
-1.583848549715072940e+00,-1.967413981349972196e-01
-1.834260224819481033e+00,-4.210870415356745000e-01
-1.879656620573615600e+00,-6.807056662252027879e-01
3.598174613903587282e+00,9.733119748588382469e-01
-2.493507455625787461e+00,-4.974234211560591423e-01
3.407643065917338010e+00,1.221937576703471473e+00
-1.738857494039634632e+00,-3.530834942339155513e-01
-3.152401396375888343e+00,-2.895938263832084636e-01
6.711384476842642499e+00,-2.305207955443533407e+00
-2.253576709628816399e+00,3.705563867668949518e-01
-1.909278770118784996e+00,-2.709318745714408005e-01
3.530152109977455321e+00,3.414618681850186688e-01
-1.593315120297442045e+00,-2.475964741691339538e-02
3.428161328763182691e+00,1.295090401883387532e+00
-1.842761869611969638e+00,-5.294548834546246585e-01
-2.368315972374289480e+00,-4.845661847139042314e-03
-9.362204886839533557e-01,-3.360152383523138941e-01
-1.803842003244870984e+00,-4.415498195652558730e-03
5.732185663245078722e+00,-2.714892183362697331e+00
3.411805467877987219e+00,7.041039638021180380e-01
-2.203895709430236050e+00,-8.242103525290075949e-02
-1.795995491047964743e+00,-3.820011788086411508e-01
2.795867316811601277e+00,9.221585254477427940e-01
-2.286497418064382448e+00,-2.302403427790411239e-01
-1.868236774862836569e+00,-4.606556684657454603e-01
-1.665819920964003220e+00,9.190335319136055947e-02
5.491293305186280449e+00,-2.557850675085038716e+00
-1.868225294462540820e+00,-5.184592919812081036e-01
2.719192034932975677e+00,8.037211392017166167e-01
-1.653319742936297576e+00,-5.936703544378274522e-02
3.272915836023127412e+00,1.168454915768421420e+00
2.985985181181443515e+00,2.095198628393648843e-01
-2.239889843117269574e+00,5.981105142860688728e-01
-2.421593272983667777e+00,-3.975333130436721207e-01
-1.069567777730315861e+00,-2.316627126251193936e-01
3.486392616263644495e+00,1.307674250506439151e+00
-2.446510214855154963e+00,5.258899457395834753e-01
8.989964444919117392e-01,2.440693310235467539e+00
3.472654354702290558e+00,1.014167347276238029e+00
-1.800675004350282604e+00,-3.571479744285713243e-01
3.263916150936502447e+00,1.778792919983786414e+00
5.582952944161561071e+00,-2.569337021189198822e+00
-2.292061526554627360e+00,-4.806855038727161911e-01
-2.255608069312156516e+00,3.046442727866921496e-01
-1.923933918210223526e+00,-6.405898857076989250e-01
-2.200433636516961222e+00,2.482383582206640349e-02
-1.667100955159914744e+00,7.321628829871784649e-01
-9.487082707647789270e-01,-1.777478943222974284e-01
-3.099983398721273264e+00,-2.169307474335919195e-01
-1.780172671838639697e+00,-9.404132424703001703e-02
5.820510791478114676e+00,-2.129347962905703273e+00
2.646751870886303593e+00,8.782768175307209546e-01
-2.355357378391468526e+00,-4.252902665397772508e-01
3.643641255710769133e+00,1.256798423940392873e+00
6.397613513111126693e+00,-2.712193768880381217e+00
3.095313675657541008e+00,1.318721945574844234e+00
3.451660623921847026e+00,1.218862196002959530e+00
3.323679385718552481e+00,1.037799911978543266e+00
-1.644637892477245122e+00,-3.538911854070850987e-02
-2.457924957735321048e+00,5.037229952108738251e-01
2.984209465350383894e+00,6.956473939777467475e-02
3.407929169857923490e+00,1.092422794417529541e+00
-2.368052388977430756e+00,-5.251854609400815610e-01
-1.538652214232973936e+00,-1.929778762574924367e-01
-2.374293173324718786e+00,1.416839482729899680e-01
-3.134570477881438721e-01,-5.664214495364034985e-01
-2.417199558916787172e+00,-2.163983696695940540e-01
3.554930772164956121e+00,5.462465191400958098e-01
-1.440940727212452810e+00,7.172439954919799243e-01
-2.244473604047363846e+00,-8.413110254692261758e-02
5.282524944180154947e+00,-1.310539138618833643e+00
-2.434592576785487683e+00,5.100975309032794724e-01
-1.744704072667240036e+00,-1.297615062413655096e-01
-1.652910628281219374e+00,-3.387490309939527044e-01
-2.462944088671440213e+00,2.366932167540377330e-01
1.191326349124359307e+00,2.020567734733513809e+00
-1.776897589408746869e+00,-6.123585493271742619e-01
-1.731750986636134026e+00,-5.887480782892985376e-01
6.901193121533020225e-01,2.458059517878447675e+00
8.585346316709083769e-01,2.856457800681406756e+00
-1.006090272818074949e+00,-1.586168794487056999e-01
-1.064961555126299420e+00,-4.157030377542685895e-01
-1.730347319748903212e+00,-5.845546369657278474e-01
-1.610236841026305266e+00,3.322880657141276672e-01
3.417533397001002449e+00,1.238626218387758771e+00
2.453845860221164799e+00,-6.507780565158410857e-01
-1.922541779586474764e+00,-6.095006688529552852e-01
-1.799035603118494420e+00,-1.882582526487447672e-01
-1.058075797655342043e-01,1.221869477835994200e+00
-9.903892875654823902e-01,2.284944497360584803e-01
3.329064431920311318e+00,1.551267554139652116e+00
2.787764814493936871e+00,6.763163707876174158e-01
-1.526146416694123653e+00,-2.916075985005512905e-01
-2.648479026607146736e+00,5.067547919641341991e-01
5.719385438970249425e+00,-2.718898850439658066e+00
-1.214999415978037733e+00,-4.039006589365666811e-01
3.601446701063897304e+00,-9.464479742864194411e-02
-1.641991007057444829e+00,-3.709615538001265200e-01
3.414361924401529524e+00,1.255961787443396593e+00
-1.779493988320899334e+00,-3.585408465593321603e-01
-2.566946486596184851e+00,-5.450041575869749577e-01
-1.778782202501979492e+00,-1.713660210963467156e-01
-1.640300205150258872e+00,-5.047296761397515041e-01
-1.659967551347629300e+00,-6.870410818246906748e-02
3.520933703700425355e+00,5.684890466558214506e-01
3.413614806130329971e+00,9.052459492823210496e-01
5.853604167715362294e+00,-2.239983009109491885e+00
-2.254916800812771793e+00,-3.680616342337912350e-01
-1.085487993835971610e+00,-3.866808095781291699e-01
4.575026609091968344e-01,2.849843889213536929e+00
3.852480072221251994e+00,2.359804228106409330e+00
2.740972076479963437e+00,6.200667441024125814e-01
3.357937170779773606e+00,1.189128821185659879e+00
5.430763078451945169e+00,-2.477805113587876473e+00
3.353306948550200950e+00,9.156703796761989089e-01
-1.808003996600749508e+00,-4.641509476202333451e-01
-1.760697317850667520e+00,-3.534378169901760125e-01
-1.602320705081763164e+00,2.854821600770441892e-01
1.206045799659015705e+00,2.125757154982142794e+00
-2.513968067920602678e+00,-4.669741364564767849e-01
3.354729102653061901e+00,1.395944974771385905e+00
-1.114280164728355338e+00,-2.648548119714882465e-01
-1.788046278192223504e+00,-1.259529343589038120e-01
-2.216219363273599807e+00,-1.905198117721539075e-01
8.231261256036022100e-01,1.985923270347543568e+00
-1.727352935782838106e+00,-4.134254962324725446e-01
3.339123998023205697e+00,1.114059208484489361e+00
3.022186252549317942e+00,3.983074324880304662e-01
-1.667479160471080801e+00,-3.071637592675091066e-01
-1.970064308407298403e+00,-5.185109069855730057e-01
-1.799518684223085474e+00,-3.503432492149867739e-01
-2.268781063834977019e+00,-2.931913684743994719e-01
2.906899885155307395e+00,4.435352456602036919e-01
5.768221600567382978e+00,-2.736217093942423517e+00
6.968664311629166885e-01,2.901883314667714320e+00
-1.830668707443235066e+00,-3.753793569587650647e-01
3.200233958079085284e+00,1.231015943767526544e+00
5.736512873032594273e-01,1.753614070967654426e+00
-1.015438359501497745e+00,-3.872897296065641592e-02
-1.879088324044034142e+00,-1.085040175895012615e-01
-1.833808462316378840e+00,-2.141556358579050079e-01
3.421322759378708334e+00,1.176010051573309179e+00
2.135572098221550918e-01,2.091378089266586304e+00
3.456847686685500243e+00,9.433234933808177791e-01
-1.869184142867139409e+00,-4.597818524575794652e-01
2.759642685000999851e+00,7.630080205247147251e-01
-2.528486443864276456e+00,-1.960533036935857287e-01
-2.160394923774377141e+00,-5.198250925796179533e-01
-2.425340824089387670e+00,-5.059696268900115701e-01
3.294840254497555687e+00,1.199773529051261001e+00
-1.762216494266511946e+00,-5.402935069704538629e-01
-2.720736276465569037e-01,-4.661115976343417899e-01
-1.722515294673490516e+00,-1.669639079202686338e-01
-1.773618683079096980e+00,-1.796369254670064294e-02
-1.818338341511304357e+00,-1.438929454771577798e-01
-2.373200991949486749e+00,3.791451945420087205e-02
-2.356711423442928499e+00,-2.238706418032374579e-01
5.832492973721363327e+00,-2.216890308589278380e+00
3.255888950412442195e+00,1.019110050180862759e+00
6.380486329604877049e+00,-2.732616054624821711e+00
-2.528210423971264387e+00,-3.079499167675702198e-01
-2.215397846206458077e+00,4.800254935447549887e-01
-1.768685421608123365e+00,-8.205588319988228463e-01
-2.954011222499314027e+00,1.082363752405591656e-01
-1.682347963510746336e+00,-2.428427936965161793e-01
-2.264388661112489043e+00,1.335826827241609338e-01
-1.197485256840824075e+00,-3.148100688760958055e-01
-2.303060997878362937e+00,-2.837140247056152420e-02
-2.349577114556894664e+00,3.174047178148137194e-01
-2.494551890946861139e+00,-7.188903770655067360e-01
-2.541013998685090591e+00,-8.551247363600504581e-02
3.423154431270983622e+00,5.903158938610909567e-01
-1.099960361346932425e+00,-3.441339749237174450e-01
-2.299643190524567782e+00,-1.856518217929082615e-01
-1.688745005532915844e+00,-1.397953762167374048e-01
5.743784998504286143e+00,-1.943791168481338039e+00
9.288388010553205731e-01,2.152017246759075242e+00
3.250509260418994462e+00,1.574473345799953350e+00
-2.455903698958706638e+00,-6.046851009415584732e-01
-2.554479776755574250e+00,-5.095255012770793374e-02
-2.519237195913352156e+00,-2.466716841089047207e-01
-2.155650237649017864e+00,5.627470717151733526e-01
1.042102270908364270e+00,2.023848918083979598e+00
3.364376899374597496e+00,1.187648346005476085e+00
-1.851163199253638147e+00,-1.998217815039259049e-01
2.836518535870330648e+00,8.615233665745463121e-01
-2.167404703322564963e+00,-2.978522013376919686e-01
2.926562933754375706e+00,1.776319280706502468e+00
-1.667646697496264041e+00,-4.246722555470828220e-01
5.823137497715908495e+00,-2.761880856443874155e+00
-1.054092263550451936e+00,-5.379357435392247838e-02
-1.109194136875503611e+00,-9.203708628594403640e-03
-2.302563248305845356e+00,-2.820333698548143642e-01
-1.123747284216369380e+00,-5.741127836594092093e-01
-1.636289902884572545e+00,9.770185684624051181e-02
2.779317298502687272e+00,1.069649754732433289e+00
3.438105607425987031e+00,1.454337008655594010e+00
-2.199598404626937231e+00,4.029682960869803154e-01
3.573206543157682713e+00,7.177787857087056800e-01
-1.784420346044216288e+00,-3.162495656335830851e-01
-1.021700640941157756e+00,-4.250858352239678672e-01
3.389605258004064314e+00,9.407517992994023359e-01
-2.213785209711633062e+00,-2.891247757201365620e-01
-2.422641169321659405e+00,-2.727781676551366274e-01
-1.804631531056123395e+00,-5.058941790325508503e-01
-2.325679839532911242e+00,-3.109137382618673562e-01
-1.577344255378996918e+00,-1.670713300848253313e-01
9.128291868404004861e-01,2.194219739770105537e+00
5.338215044868465320e+00,-2.344973582362112285e+00
-1.569624518209828734e+00,-8.973504141706235837e-02
2.860956291337688029e+00,-1.305347527821391039e-02
3.269657792814052666e+00,1.520328334394359659e+00
-1.720931147812702733e+00,-1.565804700511823078e-01
-2.266069185720586798e+00,-1.156063305883285458e-01
3.629454532853490623e+00,7.124366260957251118e-01
-1.645200213605169104e+00,-1.952935957785265075e-01
-2.294095962346718309e+00,-2.957359625699461647e-01
-1.798217986519526468e+00,-6.572872592975661510e-01
3.283166446243146908e+00,1.421042840718974354e+00
-1.709942573083528483e+00,-2.951197184686958908e-01
-2.527418873239325237e+00,-6.562944843109859150e-01
2.048897482173800189e+00,2.442697630615337512e-01
6.375481810909500169e+00,-2.660121300745861284e+00
3.798401088258386515e+00,1.694356536120173118e+00
-2.023307134012931385e+00,7.342904704382947623e-01
-1.717202360420983176e+00,4.051046387024141993e-01
-2.248271325668785625e+00,3.835233313112147713e-02
-2.632594409915270273e+00,-4.441424931403033516e-01
-1.168797079971611641e+00,-6.717285475260291738e-01
-1.647224065432484785e+00,-1.314752147807840554e-01
-1.642937014333727630e+00,1.060971307287200335e-02
-2.185219271198926005e+00,9.102578371584657546e-02
-1.903244182589949984e+00,-5.064434211037959210e-01
-2.331471364706541927e+00,-1.893945830382226247e-01
-2.345524169934620318e+00,-5.735577537910977464e-01
-2.133367292114641156e+00,-1.298844571833007167e-01
-1.722137994426614416e+00,-4.158559625182561836e-01
-1.621302602731827580e+00,3.995619204998334117e-01
-2.447752901498455813e+00,-3.286725494780644019e-01
-2.220883230557286314e+00,1.321657115758048499e-02
2.965817300980259308e+00,4.561905350759298816e-01
-1.053507202377335306e+00,-3.524962671391387303e-01
8.477210338003503542e-01,2.641198700488464279e+00
3.026427621287496539e+00,1.617190284855536841e+00
-2.226785328473140257e+00,-8.805757285996558548e-02
2.833880447942331404e+00,3.483760567644559325e-01
2.814115659764357957e+00,6.435719190503473575e-02
3.429607736750752700e+00,4.886174223511188242e-01
2.925357758646769391e+00,2.883219745971900561e-01
-1.650907529216274705e+00,-7.926470705897456503e-02
2.820699320446527381e+00,-2.203040813720346658e-01
-1.555119079241993330e+00,-4.680173720439769203e-01
-2.201365113314026623e+00,9.019786597266180594e-01
7.795668378667471865e-01,2.334931372036586072e+00
-1.743825853515697411e+00,-3.254731693086999611e-01
2.869436874071820576e+00,3.910060231123142077e-02
-1.615056381578111377e+00,-4.069201944370181567e-01
-2.032473912220998713e+00,-9.389560013837539021e-02
-2.375324559898853050e+00,-5.415452623653768116e-01
-1.593834138594333760e+00,2.859350764121126320e-01
-1.532545753878698624e+00,-4.282673971746269737e-01
-1.733260401829595621e+00,-4.419670514140409678e-01
3.123670932007372780e+00,-1.483704948962658865e-01
-2.849403031960763943e+00,-3.855720762472250041e-01
-1.065606055786519679e+00,-3.346171246995920945e-01
-1.813713264399422265e+00,-5.282033026879031645e-01
-1.797971324627901657e+00,-4.073018120535151221e-01
-1.771193695951966296e+00,-4.578898099385648179e-01
-2.259338550362623987e+00,7.668450032460616059e-03
3.372192159626332231e+00,4.121222189630535659e-01
3.305233574870365953e-01,1.943460963103827543e+00
-1.810624654759340313e+00,-2.229908092753269955e-01
2.873510458904450005e+00,7.970684330069425227e-01
3.538838486722067245e+00,9.085774289459719322e-01
-2.463560453064324474e+00,-2.123807864965280845e-01
-2.463501433052260214e+00,-4.631158211830258553e-01
-1.854287463141315984e+00,-3.340544304154002275e-01
-1.607819752880506492e+00,-6.483766469497392881e-01
-1.076699027892938032e+00,-4.012127739394456549e-01
3.334109985769983187e+00,1.333212989731380249e+00
-2.171672853192979868e+00,5.285449991308251994e-01
-8.880792749038950440e-01,-4.329128631160695240e-01
3.096084869354050806e+00,1.755542843684551935e+00
-1.459154035952264783e+00,-5.936156942021233451e-01
-2.238498214315475909e+00,-2.538209821972197133e-01
-2.221639223396667973e+00,-1.180236858459884353e-01
-2.458516988958179716e+00,2.534793776776692042e-01
3.640366180125424567e+00,5.947455676164734584e-01
3.372866453702782596e+00,1.406006733270346754e+00
1.175268027779635682e+00,2.994685987349070544e+00
3.289203706241671910e+00,1.103435282562845510e+00
-2.428028620406912808e+00,3.600245201966273956e-01
-2.179114384643499491e+00,-3.863477097198357302e-01
3.408892457994375125e+00,6.648161355696888819e-01
-1.651801582730645146e+00,-4.244668035688441976e-01
3.243745930523369569e+00,1.039874100883700025e+00
3.290840966262612355e+00,9.747666904389223896e-01
-1.830026042294111477e+00,-2.000364464408901921e-01
-2.295724130210923253e+00,-8.748820503251898695e-02
-2.594577099595823722e+00,-2.385175927835942178e-01
-1.808427001604314910e+00,-3.596597545467499768e-01
-1.579998565136121691e+00,-5.342547782822952840e-01
-1.747097651112129446e+00,-5.834038089990273290e-01
-1.663476326369730751e+00,-1.952241236812670977e-01
-2.350207610881653864e+00,-2.768180920862464145e-01
-1.734412857285003273e+00,-1.108858035414695686e-01
2.738928188074833070e+00,8.514703564951620063e-01
-2.860112243502424434e+00,3.650037385776401799e-01
-1.775463743508489678e+00,-2.810569329259468563e-01
-1.968247196330350501e+00,-4.434564354146569021e-01
2.925476436789189449e+00,6.175366216696678290e-01
2.853210789257556002e+00,-5.181899510067428799e-02
3.233802690695092963e+00,1.639050776925089714e+00
-1.593257556656605178e+00,-4.388987552632717115e-01
4.673399670859656463e-01,2.285749545899626423e+00
3.403192575031902312e+00,1.143152033305983917e+00
3.404909084660072693e+00,9.554498564112177128e-01
-1.718690202422808566e+00,-5.904041561287621809e-01
2.875570651154640611e+00,3.718142574530970967e-01
-1.583367501210162454e+00,-4.340025192505362894e-01
-2.298510492280368744e+00,-2.493529300178080332e-01
2.957301312900128654e+00,5.184154925689348804e-03
-1.884577767034669060e+00,-3.139297868975919892e-01
3.569262032442247712e+00,4.264638658854877917e-01
-2.309179373957904957e+00,-5.111378065918336100e-01
2.898132818023201551e+00,8.538964744629955472e-01
3.408199202471811073e+00,1.031580466019940800e+00
-2.272145643534480453e+00,1.200957200008084397e-01
-1.589225128756655669e+00,2.940915237400491544e-01
3.078288219269099013e+00,-1.322523840103695114e-01
-2.419955693735383218e+00,1.502069317805908300e-01
-1.668867108321426151e+00,1.101080225244136512e-01
-1.609784207972295711e+00,-4.681015180527086650e-01
-2.362864767183840087e+00,-6.862681939399574160e-01
-2.324390179475473328e+00,3.343169914334555015e-01
-1.688731639848072952e+00,-1.632683479770513368e-01
-1.458053242544310679e+00,-4.005973624279152157e-01
3.557002561291398468e+00,9.372303963746883015e-01
-1.732395492914122981e+00,-3.088396180139211245e-01
6.154956827668581765e-01,2.515609237058548331e+00
3.285471408404680993e+00,1.054885739486564944e+00
-1.676082441280693613e+00,-4.633819733425168508e-01
-2.244892070890237346e+00,-4.115093896193709466e-01
-1.655483118001754628e+00,-5.538334666945763374e-01
6.443207273519791833e+00,-2.482538724876838909e+00
-2.284355252363418298e+00,1.936545761044438096e-01
-2.154857709261286836e+00,-5.162324001857214739e-01
-1.620771300807331894e+00,-2.550927316743436535e-01
3.779103242191765410e+00,2.121046520848638650e+00
2.887003951979728811e+00,2.951664141554027898e-01
3.245469246347746584e+00,1.167782186424738633e+00
5.069545349371535004e+00,-1.658391100221925596e+00
-1.931493284024231372e+00,-5.280402714726947222e-01
6.265357603675804299e+00,-1.922101656114340029e+00
-2.245463850562522179e+00,-5.393356875952777241e-01
-1.910794981680552729e+00,-1.795617942916199750e-01
-1.764130282407857075e+00,-3.877011708520778921e-01
-1.956820914485635221e+00,-5.819465806131398633e-01
-1.152282112759067223e+00,-3.164494711900334711e-01
-1.560493525504966339e+00,-2.225334547916135164e-01
-1.739128289195479571e+00,-2.047153844932470823e-01
5.701063299054685451e+00,-2.686457500329578085e+00
-1.817700510999096464e+00,-1.076887468873653775e-01
-2.594733883234205951e+00,-7.748213530884608125e-02
-2.457845093343088205e+00,-4.681847987570646463e-01
-9.407730449420741436e-01,-4.594158182661805534e-01
2.398022554966571018e+00,-2.086693995647007915e-01
-2.511932618241366821e+00,-9.892867807238973910e-02
-1.638495981361018261e+00,-2.638179568720358525e-01
4.963578792856099042e+00,-2.137427360723967773e+00
-1.679385892984291306e+00,-1.152618447985122307e-01
-1.924500046351184546e+00,-6.233555668111471215e-01
-1.709981052894708808e+00,-2.022398958888998732e-01
-2.588618963568638964e+00,-3.011004623288761062e-01
-1.678900794538235042e+00,-3.568102640926564262e-01
-1.651735886223758554e+00,5.365731206255397456e-02
-1.687181575609342676e+00,2.680976132302916315e-01
-2.095838117239198883e+00,4.438870576179094751e-01
-1.614232387982201145e+00,-3.543761462284892860e-01
-2.067851257102702345e+00,7.437803378110001695e-01
3.381857424887303232e+00,1.263754316824708734e+00
2.768638533930559920e+00,1.076533114299387028e+00
-2.345243638991910018e+00,-4.244563098307971849e-01
-2.488560588209639768e+00,-3.665192973468047177e-01
2.821889620394722797e+00,7.755384877512708774e-01
-1.647642731177781483e+00,-3.753444096774863348e-01
5.790765843947716540e+00,-2.814410232408009804e+00
-1.643342036411613361e+00,-1.891960054917142808e-01
-1.909394428703519386e+00,-4.828158274269891970e-01
6.451708916425403118e+00,-2.742459521756823282e+00
-3.017622999048534815e+00,-5.193722636109290303e-01
-2.261071069286094470e+00,-3.943328930449742087e-01
3.459086181884045708e+00,9.413487766445676197e-01
-1.598677156533482968e+00,1.035293784345799217e+00
4.028334875324975251e+00,1.545363672173657443e+00
-1.666084856458757812e+00,-4.210620662501748379e-01
5.764584932079753976e+00,-2.665407869415738595e+00
-2.428442785297913353e+00,1.015531327341167717e-01
-1.642187546095232209e+00,-2.614784615235870024e-01
-1.701127130611407079e+00,5.112130717891726767e-02
5.037607463028222377e+00,-2.282854115792799288e+00
-8.842961343830363363e-01,-3.623447599875505021e-01
-2.413672053374852577e+00,-4.247256139504215211e-01
-1.879823201571235280e+00,-4.660133851144562800e-01
-1.516403665081573093e+00,1.703897808766747235e-01
-1.642466358684127492e+00,-5.224054580961943195e-01
3.316787655867933005e+00,1.130317209565339764e+00
-2.409660040795843283e+00,-4.252137595652865643e-01
-1.741522877332731811e+00,-6.567883626017804177e-01
-2.358763062255558207e+00,6.263723131670313748e-02
3.497776937610613590e+00,6.696965540875505773e-01
2.929448524240428231e+00,3.976873448519946397e-01
-1.009110147300759985e+00,-1.535636974560599388e-01
-2.312744148934150701e+00,-5.156462910304135949e-01
-1.897832335687877903e+00,-3.418344845121190634e-01
-1.641000941854388051e+00,-3.557862744015820589e-01
-1.818385193253594379e+00,-5.388900397084955829e-01
-1.961003962949666501e+00,-6.231417351383526926e-01
-1.779639875921491976e+00,-3.037840675188814843e-01
-1.145656663792412155e+00,-4.969893929020364753e-01
-1.700505162850161511e+00,-5.978002826497696987e-01
2.876037028817691521e+00,6.984478567907935753e-01
-2.270741179750796146e+00,7.419040175670665871e-02
3.423779170124236160e+00,1.248903498660295819e+00
3.399654103110615111e+00,9.384708944922458551e-01
8.058819726877965994e-01,1.799088317419762273e+00
-1.829720234930670486e+00,-6.349155899294636196e-01
-1.559693192902067205e+00,-2.096951682923320071e-01
-2.390622535115467073e+00,-3.296188106324973166e-01
-1.641318658976932632e+00,4.690275501963175331e-01
3.370864492147892744e+00,1.201091512456563315e+00
-1.579746289993863906e+00,-4.560492978405036313e-01
3.277607198215254591e+00,1.320611260712661883e+00
-1.669079600153473786e+00,-7.933621139221972568e-03
-2.301745980610044207e+00,5.019423509712560572e-01
-2.481661809995646450e+00,2.738277084567196096e-01
-2.201880626672597430e+00,-4.519705480745634385e-01
-1.728697851559889642e+00,-3.250197005370235037e-01
-1.684957477990453700e+00,-5.550126419577268155e-01
-2.528390922351113623e+00,-3.002208628154270365e-01
-1.773981996450512577e+00,-2.665064776667172008e-01
-1.903883714899370583e+00,-6.549219734520170810e-01
-2.479220336585046702e+00,-6.514190464763150445e-02
1.857592800362191932e-01,2.655320182218615876e+00
-3.440020024851817015e-01,-2.889988227463701209e-01
-1.763676833626047102e+00,-1.201470508349142263e-01
3.371868819192437083e+00,8.397141937708816339e-01
3.453161696928908508e+00,1.310335315430556591e+00
-2.303490148689062877e+00,-5.240331134669494462e-02
-1.661088210836373147e+00,-4.844165901968887633e-01
3.306195746032446259e+00,1.008334437511758663e+00
3.583266547112651690e+00,5.518705677635573625e-01
3.435527223053131962e+00,1.075864047501189802e+00
-1.750934533139091309e+00,1.117241841546195436e-01
-2.379364543008382071e+00,-4.579870693713975482e-01
2.743626412704122774e+00,9.720947546940670314e-01
-1.689789200605767538e+00,-2.891225768787496486e-01
-9.004696073135141088e-01,-2.536633170787396252e-01
2.138372610971835286e+00,1.548110269476580536e-01
3.337582725584864018e+00,1.357490576917375291e+00
3.353433680899190694e+00,1.079426510786322790e+00
-3.018812431252756667e+00,8.941290020247990578e-01
-1.081049334256712458e+00,-5.919367739110779070e-01
3.430610207747075258e+00,6.092272901969149057e-01
-2.410085955461310547e+00,5.093687389358341200e-01
-1.808480210221583784e+00,2.979454642185673796e-01
-1.649537332177145155e+00,-1.410618390707688574e-01
-1.794207530838959563e+00,-2.271678027227839181e-01
-1.703692189824426384e+00,-4.976547068743932822e-01
-1.641416212231570526e+00,6.176520991545918909e-02
-2.263309932143664494e+00,-3.226060752150804456e-01
-1.646770456895914059e+00,-2.576443570103985614e-01
-2.248749465300373007e+00,-3.378003966250481271e-01
-1.669176604229142491e+00,-3.147286619740663483e-01
-1.005307378096299109e+00,-2.183832580550479352e-01
-1.717631842403929632e+00,2.334028279173646914e-01
-1.907470610996633287e+00,-4.615968070061503559e-01
-1.804361680854672079e+00,-4.475695429462248076e-01
-1.993645288829252848e+00,-3.614126035147194882e-01
-1.593878219959126596e+00,-1.562305834944384131e-01
-1.859497332931884905e+00,-4.457265973044590712e-01
-1.601119290048476085e+00,-2.823864690654940834e-01
-1.766092557349798087e+00,-1.893928544683595172e-01
3.418123852501031568e+00,9.716654512942979327e-01
-2.485273563088288729e+00,-5.711815681897534080e-01
2.808670982040060604e+00,3.112425692995903215e-01
-1.828980359054555027e+00,-3.193559866670726555e-01
-2.474778654649146148e+00,-2.653896677372258872e-01
-2.493489347459371341e+00,-3.973461086941721954e-01
-2.361411786670456259e+00,-4.465032653324750300e-01
3.414742714027859449e+00,1.167329242250223054e+00
6.557625294824105389e+00,-2.528544436820055363e+00
-1.922169948681418994e+00,-4.056180485663381519e-01
-1.077681440978200733e+00,-3.551172325748490066e-01
-1.811420735296283224e+00,-1.472543290143580319e-01
5.369299204850987550e+00,-1.408138450649077056e+00
-1.566209641330226887e+00,1.799827799870938258e-02
-1.981336733421589447e+00,-5.587190213560514485e-01
5.711511857061307040e+00,-2.383675924641848187e+00
3.445400015249526771e+00,1.175398124736112493e+00
-1.954103405469600707e+00,-3.642464619003522031e-01
6.568066230285346307e+00,-2.558001448607587047e+00
-1.838785596429312941e+00,-2.242156792539706234e-01
-1.837580557463249109e+00,-4.150239408150690479e-01
5.606064725582052155e+00,-2.573581736715717216e+00
-1.730915761801761654e+00,-1.853674606032859606e-01
-1.959744931844209281e+00,-6.227046806216846031e-01
3.486983789533570910e+00,6.891231502670346343e-01
-1.833905788312441221e+00,-3.605560421465767162e-01
-1.743292953250213051e+00,-3.866051119814333803e-01
-1.729948360995210654e+00,-3.124702128397124357e-01
-1.622561921488419490e+00,-1.881818173201638134e-01
-1.035508669505797119e+00,-4.727301879331002876e-01
-2.232086823768877348e+00,-8.175183264172323702e-03
-9.443453555856662351e-01,-3.644981801530560728e-01
-8.618244282872556949e-01,-3.021880874324189281e-01
-2.108232672766387150e+00,-1.748057881449723294e-01
3.369958264055270991e+00,1.365497285824786244e+00
-1.973027623292152866e+00,-4.949421619123326455e-01
3.559745528543290849e+00,4.909760929958389974e-01
-1.562716843509545761e+00,1.004446096907123387e-01
2.935236344058914870e+00,-2.312707158504190286e-01
-1.543751748239572841e+00,3.514030623161052413e-01
-9.333014865965677531e-01,1.666784894896000402e-01
-1.076880911807809538e+00,-3.882017165489194399e-01
-2.325862322687115125e+00,3.312923856814256052e-01
-1.010289539105248435e+00,-4.488373328713468058e-01
-1.781580053555348986e+00,1.818327869463472746e-01
-2.343938506481287209e+00,3.733721667508859698e-01
3.563373561122349376e+00,1.535717799187327648e+00
-1.767952946138064529e+00,-2.220836466989759839e-01
-9.476858032841373181e-01,3.894630079217109020e-01
-1.694656729811197415e+00,-2.720014481597206046e-01
-2.348028807053610834e+00,-5.358557196565923997e-01
-1.747162653921709774e+00,-3.246902708618347178e-01
-2.509892900738601274e+00,-2.312790015783992847e-01
2.946253036832687133e+00,2.679514332309196334e-01
3.545006296427928305e+00,1.136363557732460894e+00
-2.783303026046740403e+00,-5.527418447769715248e-01
-2.108984604344115166e+00,6.268329632204142771e-03
-2.516796353546943976e+00,-6.509722770760394406e-01
-1.676378930172278459e+00,-3.723979536477468599e-01
3.415754910723808546e+00,5.842333989139729677e-01
-1.671159177138922924e+00,-1.135132268423781204e-01
-1.630799576310559162e+00,-5.502952051723736249e-01
-2.267314418142619914e+00,-3.532504513716087646e-01
1.212069250389525399e+00,2.545418398913912306e+00
-2.374973336958774883e+00,2.001873712411446626e-01
3.378698141833531565e+00,1.428247818704903027e+00
-2.638723692639558305e+00,-2.931323269646540775e-01
-2.345042352019952592e+00,-5.710291526018587138e-01
-9.939610253513243565e-01,-1.075766940601275701e-01
2.989533845554956049e+00,2.711170912299120106e-01
2.719471512190803075e+00,1.560081600267032131e+00
-1.734041588598394412e+00,-6.854774559820957514e-01
-1.025749376882903574e+00,-2.837291778160745404e-01
2.914359006585323986e+00,6.991946357258006506e-01
-2.474291427713967373e+00,-3.342594510765431459e-01
-1.091737086534632306e+00,-3.024156807585628992e-01
-2.420187648775827149e+00,-4.783846502514150223e-01
-1.861476784470051271e+00,-2.603597000603131151e-01
9.080392924240245911e-01,2.583449286672737877e+00
-1.724503871183011405e+00,-4.212150737078361740e-01
-1.661841768710707656e+00,-3.662318246711610548e-01
-2.378294967776719115e+00,3.072332423289259595e-01
-1.760677652276667615e+00,-7.043743695781261582e-01
3.588028836104657060e+00,2.533800088430482322e-01
-2.373157698622413658e+00,-4.649165057718874783e-01
2.778472788467585719e+00,8.364980006161983894e-01
-1.661486374625294138e+00,-6.389415451104555332e-01
-1.074938365836945131e+00,-5.097260816301594222e-01
-3.823348765155198392e-01,-3.905327804108080225e-01
3.346318001155583310e+00,1.359791260513275590e+00
6.428497491128537078e+00,-2.508316808335252279e+00
-1.728155066607640622e+00,7.559550601837185940e-03
-2.738835740597935775e-01,-4.352311082699735767e-01
3.373249645816427389e+00,1.326213573697994530e+00
-1.026636124068509348e+00,-3.537040267914461911e-01
-2.361893558014101391e+00,-3.340053746892142628e-01
-1.697034134078633016e+00,-4.889857039962989260e-01
4.862639121480105686e+00,-2.134946514536649076e+00
3.086614801923610152e+00,-2.482086935303456088e-01
-1.599732676484876936e+00,-1.642306770793280357e-01
-1.721292362642572682e+00,-2.462168023636422121e-01
-1.936981025012341595e+00,-1.975356028924182827e-02
5.636321417175751414e+00,-2.715715390194020973e+00
3.358075310331517738e+00,1.096791322790642509e+00
-1.718514992652411033e+00,2.179996672580322703e-01
-1.686530123836943007e+00,-1.545952999038934517e-01
6.530232014039405897e+00,-2.487060274364562673e+00
-2.257217971640429699e+00,-3.691338102419094991e-02
-1.878332240981664070e+00,-4.855052546386942058e-01
-1.952872801589973895e+00,-7.161862458927037434e-01
1.541477046364982728e+00,-5.709352791950049744e-01
-1.536648189848714985e+00,6.774923219653501694e-02
-1.741501607097385218e+00,-3.166089178038083984e-01
-2.617113133883825604e+00,-4.590112203750711384e-01
-1.642944948606011479e+00,-3.018535096248314287e-01
3.482375734807856560e+00,6.848953152801363631e-01
3.374864695725981356e+00,5.940065837116497161e-01
-1.802289955045907277e+00,-2.241530239775053890e-01
3.958816827788790071e+00,2.076331674867041954e+00
-9.769872461822841636e-01,5.616196336292468561e-02
-2.275888383718131180e+00,-1.349138098226945470e-01
-2.391349260431677060e+00,-1.844769286859306578e-01
3.205573936242887001e+00,1.953607975126624652e+00
-2.236407523223945315e+00,7.292113896623350078e-01
-2.379141435454543263e+00,-4.662063042372427413e-01
2.980641286176850979e+00,-3.074741872630633033e-01
-2.269317395200336041e+00,9.716809338504664439e-02
-1.628615641246258461e+00,-4.044529562895793351e-01
1.337431820714382047e+00,2.476547320650527961e+00
3.400480394338070589e+00,1.281730126482471199e+00
3.395541206197861595e+00,1.465207375089171871e+00
-2.161859224093252152e+00,-4.251577068650371216e-01
-2.379251707211333500e+00,-3.206491549239083860e-01
-1.014566803196347067e+00,-2.668192038043867148e-02
-1.666027289242525189e+00,1.660959192700066089e-01
3.393156519423528916e+00,1.399627111205701047e+00
-1.171834988416649459e+00,-5.940574338367901053e-01
1.333534698245479044e-01,1.868400401853790971e+00
-1.660739224315163742e+00,-2.639750854243093636e-01
-2.416185290101702687e+00,6.309936677961459628e-01
3.326833117130385986e+00,1.081404401975496699e+00
-1.691200770224432715e+00,-1.706309137437784784e-01
3.562675277512218575e+00,7.196680023791476311e-01
-1.552029558280404453e+00,3.730866806850879902e-01
-2.520016673614428271e+00,-1.759945319650878803e-01
-1.659689399809841426e+00,-6.087660678725140828e-01
1.160011434782519668e+00,2.034060103725451540e+00
2.904503039874529513e+00,8.799713506545150943e-02
-1.441006014682202130e+00,-3.382363909421383652e-01
4.883968359875746401e+00,-2.119257098700935593e+00
3.454585391490888391e+00,1.011866488955754262e+00
-2.620841982880093290e+00,-6.684310317390067535e-01
2.603205353164559810e+00,8.433019750302835904e-01
-1.240516274663090890e+00,-6.335435957769519622e-01
2.922489097287860105e+00,7.691667813766128736e-02
-1.790826982324057459e+00,-4.793866307225634893e-01
1.448514934929210130e+00,1.457433567650504136e+00
-2.005870552676787710e+00,-3.220028154345753180e-01
-2.184777972644662558e+00,6.954931397692979411e-01
6.794364797486905694e+00,-2.142217846351264665e+00
-1.844802436313739413e+00,-2.992666117474315768e-01
1.219885495297688083e+00,2.201839503254021224e+00
-1.768199630323437743e+00,-1.901632419148175171e-02
3.366883646084600556e+00,1.544108744388700272e+00
-2.503667786129712081e+00,4.407259582897559147e-01
2.925121440598589917e+00,3.134679040176802656e-01
-2.199044195426349102e+00,-5.928603583409056688e-01
6.772347557983583455e-01,2.167025710284720130e+00
-1.575859741672842373e+00,-2.667039132391369471e-01
-1.896231798669254953e+00,-2.076165614824796446e-01
-1.096035030674455069e+00,-4.879779128252300646e-01
-1.813882989182941330e+00,-2.837169030858059382e-01
3.431993212487883582e+00,5.601273180017715125e-01
-1.921421157280198466e+00,-5.565063290797386264e-01
-1.727559052135655415e+00,-2.620807663325873671e-01
-2.452025291513146410e+00,-6.087024342394937726e-01
-1.598468396570432049e+00,-4.076557531025949976e-01
-1.612104031571898410e+00,-2.671234231376479751e-01
-1.696863315211790235e+00,-3.301599566202944036e-01
2.740650551281221592e+00,5.720077415020426992e-01
-1.793568402964539787e+00,-7.234432629504299050e-02
-1.782667224849318499e+00,-2.543073873050709088e-01
-2.290346052869233429e+00,-6.526631546894866298e-02
3.297766367534209486e+00,1.547557665626978274e+00
-2.482314986446612970e+00,-4.827441678440347328e-01
3.038863412986294144e+00,1.714479155072636596e+00
3.415405353627773977e+00,8.955328721849448170e-01
-1.775891447224814623e+00,-2.567802906305324262e-01
-2.149413705952489817e+00,5.372168160328582021e-01
-1.725649436195811459e+00,-4.155483864297661589e-01
-1.029716911032881876e+00,-3.569712612859345935e-01
-1.589006782689909691e+00,-2.502881179629303232e-01
2.870682062508695509e+00,4.115857528036411805e-01
-1.857286657457132506e+00,-2.490526841984732065e-01
-1.788965227549628834e+00,-6.139892021227594254e-01
-1.637491881476945244e+00,-7.762084672058647272e-02
-1.729660538143880766e+00,-3.102059006431070465e-01
-2.193329132756763222e+00,6.716527563643399645e-01
-1.477451448469776718e+00,3.139564719048462127e-01
2.831699998405612373e+00,-1.020162524565764173e-01
-1.657238229708991817e+00,-1.516588860263282101e-02
-1.692351407120176843e+00,-2.231478970049302901e-01
-9.009857342365674704e-01,-5.119761731052608900e-01
-1.809668729794231989e+00,-6.139031534112801003e-01
-2.371876306537395784e+00,-2.932372992152438851e-01
-1.085329428124647499e+00,-3.572814378983615313e-01
-1.659606670977202381e+00,-4.597678121367684279e-01
5.722264555878584957e+00,-2.661407093825062020e+00
-1.847930626036211166e+00,-6.379416186670313627e-01
-1.591168512082158371e+00,-1.710953004781147480e-01
-1.633093752597103654e+00,-5.763737726720252752e-01
6.302094950946956153e+00,-1.798984888379019154e+00
3.225982078709351608e+00,1.514255863835262561e+00
-1.807287198264622585e+00,-3.471621842015295001e-01
-2.312557263325590640e+00,-5.581937659433852117e-01
3.432695478056796645e+00,6.349716326574358360e-01
-2.426857126018308719e+00,-3.974361805674993531e-01
-1.810640732172915435e+00,-1.895317729010518593e-01
-1.907329433130661389e+00,-4.808245553157583507e-01
6.403095851883855438e+00,-2.955100415435139460e+00
2.895881698146589134e+00,4.479130305808101675e-01
-1.658191666806628994e+00,3.183917736245293895e-02
-2.355745560384678861e+00,-5.222375299295562989e-01
-1.720808395938016933e+00,-5.307568061649151625e-01
-2.937611005331410841e+00,8.100852427167222203e-01
-1.688158830107121311e+00,-5.781890590380582839e-01
-2.544237011935690518e+00,-1.145210052027616915e-01
-2.457178610334691982e+00,-3.339937897301422098e-01
6.659119668506090939e+00,-2.604647437452955128e+00
-2.233816314409613923e+00,4.180451127104082287e-01
-1.837065573064451618e+00,-4.720637544969043531e-01
-1.783923065673629571e+00,-5.410470834946955465e-01
-1.490542116459489641e+00,4.574331754232994762e-01
-2.406821671414620667e+00,6.867305381024371713e-02
-2.241360610704827394e+00,-2.037912332413999161e-01
2.676568316627532251e+00,6.271439784455865585e-01
-1.658815503369543753e+00,4.618769343137734545e-02
5.991635653149622875e+00,-2.053330954639289718e+00
5.922453015390507503e-01,2.269777431470535234e+00
-2.361940112338292153e+00,-2.249268220261975704e-01
6.588444102798884039e+00,-2.475949756826994808e+00
-1.590037587935912766e+00,-2.275782783064084214e-01
-1.760872571936683562e+00,-5.532213471043689879e-01
-1.655940745447049167e+00,3.018899209498437375e-01
-2.178471104431089600e+00,3.720673307068893543e-01
-1.659307942426851312e+00,3.490091887675766946e-01
-2.352503774812788162e+00,-2.417285268564753065e-01
-1.698096391674460914e+00,-3.321075789706576242e-01
2.155187273461953268e+00,2.033104181036501923e-01
-2.292421636827925102e+00,8.815845195785276811e-01
-4.458103481966012582e-01,1.149118083095421072e+00
-1.751295294142555914e+00,-3.747504303353064725e-01
-1.624516432078199069e+00,-5.155282283418173295e-01
-1.709252974710593787e+00,3.237223284524728961e-02
-1.787242046711285504e+00,-1.451050275999304917e-01
-1.612889757880962005e+00,-4.180528415357479544e-01
6.732776169159041757e+00,-2.491121531279865131e+00
-1.877888125446137035e+00,-2.709676991549679892e-01
-2.541717737544226807e+00,-2.706571464586970399e-01
-1.751386287262247432e+00,-3.258575365887840802e-01
2.752148397787236966e+00,4.561525913379108066e-01
-1.887649696826726453e+00,-6.565520000686160262e-01
-1.764457446879912794e+00,-1.880055673026403140e-01
2.796485251777637959e+00,6.744525306363777784e-01
3.176909077206670595e+00,2.118030090629211770e+00
6.367561613263984732e+00,-1.940852233269889426e+00
-1.668667449270603953e+00,-5.598792616983541137e-01
-1.787244436598517172e+00,-4.757543443249147019e-01
-2.213759970739908933e+00,3.333043773295268908e-02
2.864272858637296526e+00,7.029449404509009458e-01
-1.671252050031945213e+00,-4.422251680261351028e-03
5.909763840272029611e+00,-1.845480421246516123e+00
3.366733460468097849e+00,8.268921803515657531e-01
-1.774667009830449782e+00,-2.689554901477475557e-01
5.826056795060028826e+00,-2.729592202841325310e+00
3.482127671258098633e+00,6.394141628904755903e-01
-1.730395763925945074e+00,-5.052035032969131034e-01
-1.007095838344675531e+00,-3.776043818690930642e-01
1.101172450529862790e+00,1.787964447742275587e+00
-2.263432800987482896e+00,-2.769509056627042498e-01
2.917470845408081548e+00,2.249662770274796497e-01
-1.007179435964779879e+00,-5.326914616881158748e-01
3.436154178042428953e+00,1.401081714765636255e+00
-1.540785509903331851e+00,-4.245081761323531988e-01
2.860860805750789826e+00,5.470006994735961969e-01
5.922073288021631576e+00,-2.144735974776744047e+00
-1.879235119877973759e+00,-3.910837839832391194e-01
-2.274593518475009013e+00,-5.331778625661294235e-01
-1.927336240652700594e+00,-5.355970493282450340e-01
-1.666622525071376648e+00,-4.426326047986441359e-01
2.652953553078670978e+00,7.199049448933897422e-01
-1.075691605769230286e+00,2.468465465384569665e-02
5.678596266100746526e+00,-2.635882193285390862e+00
-2.579427372092309767e+00,6.397247322852703810e-01
5.607254020095782998e+00,-2.334898636668401917e+00
3.259339765964151869e+00,1.233380486558516953e+00
-2.584075129719373809e+00,-3.240616088966705166e-01
-2.350536661247450532e+00,-4.031349160065606507e-01
-9.823316693196645355e-01,-3.362769941356215375e-02
-1.475189679927146447e+00,5.144366739651339282e-01
2.651730095065793602e+00,8.334749017903367863e-01
-1.814608356008798440e+00,-2.396507023562677308e-01
-1.642897165110519975e+00,-2.681441466106027072e-01
7.924895606599511311e-01,2.421357127749971028e+00
-2.580453628079728112e+00,-1.819372039412987252e-01
-1.807986209651216924e+00,-5.735907651796730011e-01
-1.631068133880330340e+00,1.909203180687424166e-03
-2.390974677635128387e+00,-4.888555313860084572e-01
-1.758812450404909855e+00,-1.060633543740581025e-01
-1.726154009097480513e+00,-1.341614003371000563e-01
3.429297824826858410e+00,8.201078963417299805e-01
-1.520254050982940530e+00,-4.413340521764138047e-01
7.419349616073612763e-01,2.277776107695241414e+00
-1.770306439435837875e+00,-4.815272996260093752e-01
2.977385707135764559e+00,1.548572618005202295e-01
-1.702683540571407805e+00,-2.139004998254393219e-01
-1.683873096960773141e+00,1.532619333217464241e-01
-1.630752006792116182e+00,-2.414788230360055132e-01
2.870875610322418225e+00,5.406589798212119158e-01
-2.209812559109574526e+00,-1.483549456263972832e-01
-2.514700529607477364e+00,-5.742064088082846074e-02
-1.258810487908402109e+00,-4.360288918252134271e-01
-2.265401638330220901e+00,-5.736236611487943726e-01
-1.752818863423009965e+00,-2.703568437382574130e-01
-1.682313019481824767e+00,-3.014832336803197621e-01
-1.582420738219440626e+00,3.352918384554397224e-02
-1.717499501175139720e+00,-3.655390556441894256e-01
-1.617560212015387133e+00,-1.785095757593140875e-01
3.204217314909497905e+00,1.008433886554921610e+00
-1.064320162844523132e+00,-3.331649963291642425e-01
2.141741701436008061e+00,1.348959385218151397e+00
-2.264617962366342940e+00,9.709339753485098090e-02
-1.584304429161973005e+00,1.065901020817250633e-01
3.245416733902987794e+00,1.170604393757561645e+00
5.814545160417034175e+00,-2.780191513186902608e+00
-1.579956248701572807e+00,4.803860640148985284e-01
2.670621702325927771e+00,4.724814190483631604e-01
-2.312307321448528796e+00,-6.624134003523172165e-01
-2.500752639907678265e+00,-5.522254380036014654e-01
2.926327065353888202e+00,3.664426820152256181e-01
-1.847712154977276811e+00,-4.309033067426505936e-01
-1.698216161579384487e+00,-1.651918162650561628e-01
-1.628418732254990342e+00,-2.661442211209368303e-01
5.591685508823240447e+00,-2.630982731005748754e+00
-2.396340038295169617e+00,7.902264342982619205e-02
-1.720632608632829408e+00,-7.128623604861240581e-01
-1.757719194341601732e+00,-1.325003593355732201e-01
-1.737030015861295240e+00,-4.928851844804324478e-01
3.499974020739582414e+00,1.570975169632116586e+00
-1.653699208785065045e+00,-1.300247846051332812e-01
2.621922939684376175e+00,4.274819226421498475e-01
2.858589548145174408e+00,2.121274724707462866e-01
9.188160088366047473e-01,2.147900222762357370e+00
-1.775143048048628991e+00,-5.704504463748383269e-01
-2.296929205759373982e+00,-9.504545938458902610e-02
-1.424790691984678448e+00,7.172811869526282136e-01
-1.074786972939046903e+00,-3.178929270207574431e-01
-2.462356706742254264e+00,3.816085288638380035e-01
-1.583615741852092418e+00,9.935684838759351045e-02
-1.102458070438925963e+00,-4.621496997634689796e-01
-1.685554191834447879e+00,-9.988226153440052379e-02
-2.225316616144222159e+00,-4.526934054588269141e-01
5.705865228751039187e-01,1.765317169925245233e+00
3.386560905165103552e+00,5.850419375748587836e-01
-2.406521741458835795e+00,-1.667747980738394087e-01
-1.709425052049408977e+00,-4.179760605828004016e-01
-2.632002374520400423e+00,-4.922497033925450904e-01
2.962347456784372390e+00,1.759919251940675888e-01
-2.228266623485399389e+00,-4.915416637514787301e-01
3.342136048685292682e+00,1.281976637720482870e+00
-2.641810805763169956e+00,3.652798688469318100e-01
2.843613728613246572e+00,4.585298153050264003e-01
-1.435495518634527068e+00,-6.292823303328360929e-01
1.255575451348019955e+00,2.252772114640276602e+00
2.870204698395634857e+00,2.408984034420124654e-01
3.355615244888205506e+00,1.376566621672286495e+00
-1.841065910540681472e+00,-3.997680366035166188e-01
2.784441641315197558e+00,2.517903114581007684e-01
-1.710962165028341531e+00,-4.532075363937341228e-01
-1.576249940300713082e+00,3.322272890456086647e-01
-1.701318295632664235e+00,-4.824134067072614607e-01
-2.314470342327513475e+00,1.148362030917880403e-02
-1.838750606541118549e+00,-1.854050691510673587e-01
-2.503127345945992399e+00,-8.795014831819371326e-02
-2.311283395720356904e+00,-6.201004270868629709e-01
-2.450294422434611263e+00,-4.102539178657129137e-01
-1.772359837304228414e+00,-2.700915688109257751e-01
-1.580334902185489110e+00,1.448152838889253113e-01
-2.456848481203596002e+00,-5.543771200405143984e-02
2.767572337496170931e+00,8.702890570306472950e-01
-1.028005076261016226e+00,4.265915016244861691e-02
5.426294061833928595e+00,-1.409169876392260656e+00
3.383395064092957316e+00,1.297308074175303139e+00
-2.263901738541654662e+00,7.496365833383912720e-03
4.144755260614380599e-01,2.173205503573612862e+00
3.402759151302209517e+00,1.347286902550631993e+00
-1.735814190642479327e+00,1.371185409419947189e-02
3.386988787470247564e-01,1.684839082999464610e+00
-1.821370302972614708e+00,-4.192813219612517850e-02
2.778678339681889931e+00,1.609573692209761986e-01
-1.556186635887390812e+00,2.823810730310590267e-01
-1.646432521905649704e+00,-2.925667483324112528e-01
-1.605080179829500242e+00,-2.271703305194469891e-01
5.871926969275672370e+00,-2.839049156011268948e+00
6.602315978652445239e+00,-2.977562049638514896e+00
3.385407581400264654e+00,1.638646398067680643e+00
3.525638092689391989e+00,5.237888383249694746e-01
3.308504457350940786e+00,1.389931141586930208e+00
-1.643263339570957937e+00,4.291843385724923854e-01
-1.069525916289127077e+00,-4.080057688287619388e-01
-1.629867764183885459e+00,-3.812355722738900443e-01
-1.597060964240100800e+00,2.656031921720868327e-01
3.531226686866992370e+00,1.224786968396362585e+00
-1.637605124185266270e+00,-1.322826261545072268e-01
-1.767693566280506223e+00,-2.724826393368180444e-01
-2.313666843797607786e+00,-5.238774165475345024e-01
-6.579719899924582061e-01,8.294034972697190700e-01
-2.332378900458380588e+00,1.626071979393252376e-01
-1.882367046945695011e+00,1.046155402484866791e-02
5.708215556364488741e+00,-2.718997939180727297e+00
-1.041862473317362259e+00,-5.730283359506076479e-01
9.280826558062748033e-01,1.927749090159281753e+00
-1.704762877841973001e+00,-5.296985766467676715e-01
3.112127164575405391e+00,-1.797998259438812405e-02
3.317303190558828163e+00,1.124793704502799585e+00
-1.731551390079286934e+00,4.327414714611259317e-02
-1.615432040571779027e+00,3.848448926943950910e-02
-1.740287640801288171e+00,-2.513521135631604508e-01
-2.292016162750952102e+00,-9.151845175572623226e-02
-2.281352886311427852e+00,-3.826587761252948083e-01
2.763509509666038255e+00,7.304816522197444817e-01
2.882085667607741097e+00,4.839952120648092770e-01
2.809149509801484701e+00,6.078993994583632432e-01
-1.755853962057653650e+00,-4.992935501700319634e-01
-1.647515038500965145e+00,-1.785338707852529017e-01
-1.803908912114022600e+00,-3.501844358269391999e-01
-2.559444359030117244e+00,-4.185178836263545032e-01
3.337045049164827137e+00,1.156551276421717622e+00
-2.394502437344666834e+00,-6.201331318231081413e-01
-2.318388277642813300e+00,-3.842670862395055065e-01
-2.331751949474358376e+00,-2.843066449923986050e-01
5.812818299261559574e+00,-2.795529197355566264e+00
-2.220608240512903730e+00,-4.123281314802107467e-02
-1.760714804384936771e+00,-1.077492303975434440e-01
3.511190132731807800e+00,5.812594995569945189e-01
-1.789965041473067453e+00,-1.981175078422511282e-01
-9.988053937971512752e-01,-4.685443708391597850e-01
-2.551545550968130183e+00,-2.512063858619343892e-01
-1.068777956315662303e+00,-2.725667264941687984e-01
-1.061873617579067508e+00,-5.773721164480725143e-01
-1.707994001246421645e+00,-2.377748058421687294e-01
-2.411070072342458293e+00,-4.112728447248480412e-01
-1.582047523398849798e+00,2.310979144025200882e-01
-2.114501210678583210e+00,3.412932641128936795e-01
-1.809092032980436304e+00,-2.189576912249146801e-01
3.350124602930622864e+00,9.840297835110367597e-01
3.180739343582069445e+00,1.650469855678774023e+00
-1.714711581282782227e+00,-2.422234259941602741e-01
-1.712208556768057166e+00,6.180630172311100956e-02
-1.791511774381673305e+00,-4.265040932362212378e-01
-1.784345015363844933e+00,-2.948868833163337255e-01
-1.119902977812360811e+00,-4.923980878482648871e-01
2.687245943476705978e+00,6.037295867954801665e-01
8.812609291979056625e-01,2.016248378091994198e+00
-2.234903974596960108e+00,-4.648803254695110243e-01
-1.590819185377517542e+00,2.880061715772792019e-01
-2.514091498429738447e+00,-4.010409688880430257e-01
-1.686842083759360955e+00,-5.517951526644434557e-01
-2.083097204951799952e+00,-4.585076677704631454e-01
-1.785000583603701729e+00,-5.490915495257013834e-01
-1.517124860462985003e+00,-3.875721249139152391e-01
-1.765902322312811856e+00,-4.837131126986300433e-01
-2.377478548070998343e+00,6.413192491906669623e-01
3.389562974559919617e+00,1.306157089617616229e+00
2.734054770547670099e+00,9.783960362845951497e-01
3.448380003708771735e+00,1.337901982440549364e+00
-2.177138308568754788e+00,6.693441760790762585e-01
-1.949963752824583452e+00,-6.805490467157836176e-02
-1.741079736376239584e+00,-3.730829818164248940e-02
2.691814052661615442e+00,8.449539839831483601e-01
6.512452484692691224e-01,2.695201418951205241e+00
-1.585022504549146394e+00,5.322686122885980642e-02
3.499494547229712094e+00,5.781018302576800272e-01
-2.333560099815753741e+00,-3.355281917653146206e-01
2.809184452713008540e+00,7.922701484218835910e-01
-2.332469309833517190e+00,-2.294126372198569963e-01
-1.575804302533892365e+00,-2.208653025131903924e-01
-1.766874122057866092e+00,-5.262959771380651963e-01
3.233688982787713773e+00,1.539166598649514217e+00
5.865468165104521958e+00,-2.211979592882186374e+00
-2.448472504008116335e+00,-2.638140685561302656e-01
-1.546929219507991116e+00,-1.256694225840614410e-01
-2.019652782226671217e+00,4.625814460818619134e-01
-2.239893393724019965e+00,5.770388451460326529e-01
-1.502288961940189571e+00,2.761260016911342152e-01
-1.640283363540962824e+00,-6.499118924299278621e-01
-2.329124793457892917e+00,-2.528948678252638249e-01
-1.902153389055122101e+00,-3.740828605006525365e-01
2.835787643762345045e+00,3.383830343527584605e-01
-1.842911296718638958e+00,-5.779024377820792674e-02
3.819585500673008838e+00,1.803372217894552154e+00
2.843582637916655109e+00,1.818080805956435453e-01
1.484984272579091380e+00,2.332870620744939227e+00
-1.763807077376951193e+00,-5.800334903177537527e-01
-1.809232626399880806e+00,-2.662766189701750719e-01
-2.296040845347197656e+00,-5.259084132526763156e-02
-2.339563002983894968e+00,-4.891440911846858253e-01
-1.743298808478916939e+00,-1.262747783028109194e-01
-2.275701310931784960e+00,-2.652090038426216378e-01
3.275759900156538507e+00,1.393527325340022438e+00
-1.656426274096142182e+00,-1.603768059608309815e-01
-2.185920598457228525e+00,8.395790488644318261e-02
-1.681313589055999147e+00,-1.853565625284637197e-01
-2.494487079464654311e+00,-3.386473369977314185e-01
3.253978314036807262e+00,1.729882804690490827e+00
-2.209100759066311870e+00,5.503401965560351661e-01
-2.331837810393249555e+00,7.446737877458513288e-02
-2.851265038311824096e+00,6.463896075996131696e-01
3.348145255201044002e+00,1.211557622722710725e+00
-1.527257211921400959e+00,-2.812012983218368789e-01
-1.632159654540288107e+00,2.235880975138908600e-01
2.928408805045244812e+00,2.635430463141135715e-01
-2.242159653445474188e+00,5.650595017109641405e-03
-1.786707352140031846e+00,-2.469236339938961355e-01
-1.603802181401089433e+00,4.744076048120086930e-02
-1.571768335641426928e+00,-6.472840099951220338e-01
3.391615959828111038e+00,1.081426488537636343e+00
-2.115399985006525263e+00,-4.899107762517836417e-01
-2.275312263539567503e+00,-1.235605593977333605e-01
-2.205154908910383682e+00,-3.525301215752055239e-01
-1.840842544506628986e+00,-5.897995485385219006e-01
3.329808749978294902e+00,1.193585708008107815e+00
-1.782721346319728672e+00,-5.863502496060890579e-01
-2.543545228193186070e+00,-1.922479323474017218e-02
-1.721298562010595168e+00,-1.513872844271813012e-01
-2.321588952962424290e+00,-4.486189916860783278e-01
-1.184092548219390695e+00,-3.969702443784603463e-01
-1.608251722811447904e+00,-1.888148318623574518e-01
-1.696857656885953247e+00,-1.878158771663167304e-01
3.244774355477797911e+00,1.152152683805351296e+00
5.693497604875657814e+00,-2.768917520643821462e+00
6.136288263272224874e+00,-1.836786496103940181e+00
-1.764163500993148892e+00,-5.289254206337367092e-01
-1.696379343751600599e+00,-4.376293518156008089e-01
3.579310788171697233e+00,5.392175455940652062e-01
2.908359598971804960e+00,1.667264652576546935e-01
-1.981250678727782599e+00,-2.414481464451531945e-01
3.501762013811757335e+00,6.506058678609450974e-01
-2.639800541166091197e+00,5.935924528028087011e-01
-1.111606267467895259e+00,-1.649776293057376719e-01
3.280429627293548034e+00,1.561802260245199969e+00
2.845017849867345738e+00,1.464509890734864705e-01
3.893311363924185198e+00,2.282840494453399316e+00
3.364873456078979252e+00,1.136797047103367708e+00
-2.424579121362290479e+00,-5.373624142625677003e-01
-2.479877327296716505e+00,3.738130260313022452e-02
-1.621424427251505040e+00,5.345865115846516469e-01
2.830837005517144789e+00,3.251208276123807583e-01
-1.609130234749210464e+00,4.323162197771298065e-01
2.631901461270244713e+00,4.569356153663122200e-01
-1.000428992709988751e+00,1.713093238883383511e-03
2.631059074778995921e+00,3.848206048997580009e-01
-1.675985035117361743e+00,-3.074300724039831789e-01
-2.314252635612536579e+00,7.060840435556665906e-02
-1.555051702007419934e+00,-2.217229729517804226e-01
3.461129392376503855e+00,1.060678759802671234e+00
-1.709671519982407073e+00,-2.226115465733998489e-01
-1.684580097588800784e+00,-2.351771673879022584e-01
5.807680440924544385e+00,-2.675782435867384734e+00
3.572597415986227265e+00,1.619180572855985822e+00
2.666816458934440526e+00,5.696339840609069283e-01
3.435053425747089939e+00,1.819667343389386405e+00
-1.558105743431304369e+00,-1.212643927300464247e-01
3.312875697364224159e+00,1.089578216636705621e+00
3.422927050545169880e+00,1.239270028505469856e+00
-1.587489768928464606e+00,2.897957230873246526e-01
-1.641255832932844605e+00,1.849899859755515380e-02
2.946202421594969145e+00,2.392344927296617685e-01
-1.784098739164123204e+00,-3.542440375334367508e-01
-1.785534081098431258e+00,-4.906581755515335708e-01
-1.754073108805913384e+00,-5.669052881349675443e-01
-1.667071042740159825e+00,2.985329562322285857e-01
-1.664135983261875174e+00,1.923045267040175144e-01
-1.561562191808231415e+00,-5.150033015518064028e-01
-1.697593033236159732e+00,-5.549340620428310222e-01
-1.720445323633548407e+00,-2.484919631779908267e-01
-2.435737593495192144e+00,-5.130167136531593730e-01
6.804780628503560580e-01,2.389502686151233402e+00
-2.453769205597484682e+00,-3.659862730308190426e-01
2.631998501141482816e+00,6.468697811061325798e-01
3.355374445214246659e+00,1.315056350665593898e+00
-2.429184107066356457e+00,2.646843090747404426e-01
-2.486145949687157852e+00,-3.352847727797692023e-01
-1.754432911302511222e+00,-2.356671431553124529e-01
-2.368154000425649830e+00,-4.014989637145543466e-01
-1.663717488654457233e+00,-5.362230418644807761e-01
-1.775546621841145534e+00,-4.412358126740320019e-01
-7.529742465846870347e-01,2.727571650898698019e-01
-1.137267676713183073e+00,1.543942255436789035e-01
-2.188065752844646106e+00,-3.244084008386084461e-01
3.726707660124148336e-01,2.298240953469728787e+00
-2.291577343095999808e+00,1.781984480983713759e-01
-2.314643506557858998e+00,6.341822643527414982e-01
6.073474342105202872e+00,-1.723379151310393098e+00
3.180395592417316841e+00,1.631863845764280008e+00
-1.781447430740067617e+00,-4.291209604995253613e-01
-1.801636738462592868e+00,-4.911155041116535003e-01
-1.697187197270124903e+00,-4.134011954000787470e-01
-1.767424291899961641e+00,-2.895580281134278455e-01
-2.353995267684581005e+00,-4.341938628917122456e-01
-2.316211428424173935e+00,-2.707675618399716377e-01
-1.552720614604623961e+00,-5.738716987628111887e-01
2.838746263310707008e+00,8.154267205321884537e-01
-2.251993853076216467e+00,-2.161313589826411863e-01
-9.969440619269469561e-01,-9.519581280745537111e-02
-2.261225819533790649e+00,-5.008336922470574271e-03
-1.573404914900573104e+00,-2.145451900075040219e-01
-2.268459365061177735e+00,6.990430895645370624e-02
6.348047400379189575e+00,-1.838554473367170594e+00
-2.368816032492081725e+00,3.966617937604026700e-01
5.715923306670116055e+00,-2.680325282053867220e+00
-2.098382992202986852e+00,-5.320313153710743981e-01
-1.797304547940876018e+00,-2.279546550845188146e-01
-1.872071009278330145e+00,-4.236210586227769914e-01
3.317833033445139801e+00,9.721948034299668917e-01
-2.298831078574409936e+00,2.345026887919450798e-01
-2.409047999727270017e+00,-4.014255183542506100e-01
-1.611837562480101571e+00,-2.789535268395422762e-01
-2.147382987924452813e+00,6.299388511776805588e-01
-2.225439991954801577e+00,7.329305991123558073e-01
-1.737699575943444819e+00,-7.286471357131046878e-01
-1.766097885268475665e+00,-1.844763845528672730e-01
-1.778113088833616073e+00,-1.689159075588147207e-01
-1.820556799509376766e+00,-2.442925404413875679e-01
3.338256875449209904e+00,8.224598677846249872e-01
-2.413630976405905404e+00,-3.687016930586641261e-01
-1.777900374361101488e+00,-6.981260863412086515e-01
3.352280839882907593e+00,8.010701565485215392e-01
-1.610491530164074536e+00,-9.794865750969657114e-02
-1.430968927424272730e+00,-2.489489792241311450e-01
3.430728830022141018e+00,6.964589722422044327e-01
-1.734131617912850309e+00,-6.562070843670860798e-01
-1.584245864363033052e+00,-2.241542645327511407e-01
-2.340438036168299263e+00,1.799655970940993999e-01
6.147308288894618222e+00,-1.681250080964609372e+00
-1.864823734506696473e+00,-4.984024171834874339e-01
-1.483046463403641546e+00,1.363340035146277662e-01
-1.684764750401542388e+00,-5.668720606640725856e-01
-2.208196563727571782e+00,2.350011456121522402e-01
3.470642991755074291e+00,6.024454375608870871e-01
3.214904137384387628e+00,7.588859145738110490e-01
3.234063106786641217e+00,1.666949379528760211e+00
-1.538623309333390754e+00,-1.591551103819170976e-01
-2.242080643718604716e+00,1.014855571880818180e-01
-2.445534765625813289e+00,-5.118024085082246710e-01
3.402747648596771146e+00,1.040880215378583218e+00
-1.600699272024636910e+00,-2.758978013148334907e-01
-1.590719055543119653e+00,-3.099611877552754802e-01
3.368687802270056597e+00,1.212655414233124507e+00
-2.268451733562448780e+00,-3.946570134441336752e-01
2.752567139314118005e+00,5.307708012048325541e-01
-1.768169014975430997e+00,-2.515028664353958776e-01
3.603842539835021341e+00,1.045553312816275504e+00
3.426633647234536451e+00,1.068233862444454729e+00
3.227924177015742302e+00,1.921937014401020161e+00
-1.684737901394814941e+00,-7.659953085092770231e-02
-1.674379113225298976e+00,-2.013055153501941974e-01
-1.317303891592661369e+00,9.248723793795483594e-01
-1.760649637292917236e+00,-2.539487788420761727e-01
-2.285026113751612797e+00,-3.403362927377128200e-01
-2.378643684185138163e+00,-5.062168907080688562e-01
-1.667153403496450803e+00,-2.751883035970350555e-01
-1.101209005897553661e+00,-5.105060750667547165e-01
-1.604880020756957126e+00,-3.411132653286637062e-01
-1.696935227752854214e+00,2.293613464653607593e-03
-1.632452262106651730e+00,-2.654447849511292271e-02
-1.751192395248756917e+00,-3.472069585920656842e-01
-2.905006302055267664e+00,-1.566077360221693471e-01
3.414684512526728444e+00,1.679185935482638836e+00
3.526981071297370818e+00,6.404290236436543937e-01
3.235603184271414356e+00,1.334443288293437169e+00
3.244664096381155716e+00,1.640347811628564800e+00
-1.040694345157754164e+00,-5.999004973432660037e-01
-1.563071916420670782e+00,-6.486900547070627299e-02
2.919647872927095378e+00,1.557402057934166306e-01
-2.309824990455979332e+00,-2.629089318246582430e-01
3.388352491244349451e+00,1.222585543256639484e+00
-2.404149363140066775e+00,-2.519211559342220408e-01
-1.700884522963804324e+00,-8.790097281674218166e-02
-2.356945946601557651e+00,6.058633545142549232e-02
-2.556905820472633373e+00,-5.282554982485752060e-01
4.888410980627468483e+00,-2.096786366977865246e+00
-1.875440959006845265e+00,-5.987705486105859842e-01
-2.272291657796730480e+00,-3.931973201559016418e-01
-2.207261912210724653e+00,2.402824417360058529e-01
-2.203785126110931358e+00,5.094254842768952685e-01
-2.424547136906304967e+00,-3.840446012516368635e-01
3.482301738168801286e+00,5.430589151041891327e-01
3.318711451627880393e+00,1.125151222164276543e+00
2.755257746164281762e+00,2.111758252861419827e-01
3.541065734309218005e+00,7.613751683560511241e-01
-1.851066388609690749e+00,-4.953686077715214742e-01
-1.788920664772573943e+00,-2.511104197059603194e-01
6.388367694747681291e+00,-3.004491099010738075e+00
-2.330430575611846411e+00,3.934608968003943524e-02
3.371526788322716239e+00,1.200007573861817223e+00
-1.666218928136277366e+00,-3.527755547659211510e-01
-1.646521231866523216e+00,-3.016609664283469994e-01
-2.398401606163931277e+00,-4.192635955911639956e-01
2.687784502515758955e+00,6.760029623826885325e-01
-1.799561167800325823e+00,-2.413823311836542640e-01
-9.795971889909906860e-01,1.139525879633565553e-01
-1.632670734700361503e+00,-2.430260661544436651e-01
-1.782939489090740848e+00,-2.081832894216135155e-01
-1.826269713750400037e+00,-3.678270557832792886e-01
-1.664315619480913888e+00,-5.387378623330060234e-01
-1.718102306616304364e+00,-3.976421957321952250e-01
-1.638969666232025446e+00,-2.000593307560518397e-01
-2.102257870916286020e+00,4.603732760757573983e-01
-1.678807364248577016e+00,-5.436091836610803529e-01
-2.318083048409657287e+00,-4.602284385358903496e-01
3.482783668912185160e+00,8.323922473825593471e-01
-2.278882013548613195e+00,2.413124260274140120e-01
-1.593897760414391795e+00,-3.769755082244654609e-01
-1.660586554123900438e+00,-5.126005577803208757e-01
-2.370656480121036136e+00,-1.637563101802303189e-01
2.703967571436529660e+00,6.447580348684187612e-01
-2.390614913791265561e+00,-4.793470830544219741e-01
3.289123000296341193e+00,1.571345745378073255e+00
-1.710806213578824009e+00,-4.985372660761719921e-01
-1.710592780140209435e+00,-4.498085905040639099e-01
-1.767350293924628168e+00,-4.006324082031469946e-01
6.123289109919018980e-01,1.650352503421841588e+00
-2.347816635553364506e+00,2.651777442673393728e-02
-1.667785063350896380e+00,2.052156715585813085e-01
3.322844831178349168e+00,1.354179855225384976e+00
1.226063087310049315e+00,2.242343019431247697e+00
5.667472092507026993e+00,-2.644868067282491353e+00
3.530574603911002196e+00,5.993396639616263011e-01
-2.186648366816447808e+00,-3.364779846810929398e-02
5.923467859817355574e+00,-2.125958465428984034e+00
-1.777895274817444582e+00,-2.812987017647123333e-01
-1.844690364107071767e+00,-3.142126686097956312e-01
-1.377421364500963641e+00,-2.984773166984999726e-01
2.959353186313820938e+00,1.711484652790403183e-01
-2.298546940480783007e+00,6.228270125855105421e-01
-1.056034133476125403e+00,-4.979358988275030956e-02
-1.040131995941246723e+00,-4.938713277268831914e-01
3.499799719705638523e+00,1.132140353739054195e+00
3.425024177584864660e+00,6.160353656190410421e-01
3.384526399757859849e+00,1.121453809276965030e+00
-1.933055916395979290e+00,-1.081535862583565127e-01
2.915018278014613440e+00,2.084976941071100265e-01
2.706261060703491150e+00,6.693694300681000131e-01
-1.660924014784476155e+00,-2.321795983669867058e-01
3.351910060785724177e+00,6.177364607502907612e-01
-1.449733832530779143e+00,1.158148760332811389e-01
2.708913336713754116e+00,1.435438673562376977e-01
-9.573843722626355079e-01,-3.022317984879938080e-01
-2.497141647441831758e+00,1.000100841529451973e-01
-1.597732656682918639e+00,-4.022342100508537466e-01
2.772994402201221842e+00,7.406978012602535300e-01
-1.831720010829599898e+00,-4.138514942336073976e-01
-1.143960384760720705e+00,-5.400781835052982371e-01
-1.842566782177912810e+00,-4.129435298899360451e-01
3.484856342137263141e+00,5.381142792725897017e-01
-1.787368912700052270e+00,-2.429235291680907904e-01
-3.208414617376678102e+00,-1.799107104702278625e-03
-2.418767314532308532e+00,-3.813669451551283118e-01
-1.959633096161466304e+00,-4.042464439130539766e-01
3.731259527232205553e+00,1.345738588845906802e+00
-2.035819761474665590e+00,8.689803985320385671e-01
-2.242888022516858815e+00,-9.840175882284783737e-02
-2.270705927556204262e+00,2.851531563197312047e-01
3.641421506036656819e+00,1.535738498779999794e+00
3.307328436756177936e+00,1.303238662571676310e+00
-2.347376194368969937e+00,-3.486753421339334191e-01
-1.476743861540541047e+00,1.155249530618071563e-02
2.908214983681349786e+00,4.194337352930768148e-01
-2.243744027739988045e+00,-5.634422326004887016e-02
3.446608651339902796e+00,1.376638282868493324e+00
3.312690086458453642e+00,1.392473040660632044e+00
-1.840731797730190245e+00,-3.937020470285903379e-02
-2.895914721861057028e+00,-1.553572397740333455e-01
-1.856225888003823155e+00,-4.835361598063480648e-01
-1.759264826232108225e+00,3.295752078684823227e-01
-1.952369246545655468e+00,-2.883330053549379435e-01
-1.735472566998876864e+00,-3.709165348826722053e-02
-2.493504726799738780e+00,-5.008195251448344099e-01
3.356406701482777866e+00,1.198648596001417932e+00
6.590853617598936287e-01,2.490963761467960058e+00
2.945996416841685672e+00,-4.933510532727672371e-01
-2.250935305429857092e+00,-1.051551881920677334e-01
-1.011773032230788738e+00,-3.428717966511931614e-01
-1.837980695468923287e+00,-6.036802274358112064e-02
6.570457743256253202e+00,-2.530372827203614339e+00
3.366809441072875053e+00,7.925558304535094134e-01
-1.956878692175461509e+00,-7.117765744570306863e-01
6.102616717815701364e+00,-1.804853262931727542e+00
3.563142367614569928e+00,8.750143927191967874e-01
-1.677930730652166913e+00,-3.732317958286704429e-01
3.554159658092235219e+00,5.732147197465158328e-01
3.335136839712759649e+00,1.264252804367480998e+00
2.844895426288299722e-01,1.701181794358328725e+00
2.196359395568807216e+00,-3.316705192978000594e-01
-1.599401444809474659e+00,2.289163504934661475e-01
-1.575013671049063646e+00,-6.483554972655753978e-01
6.652681061032533982e+00,-2.286964100787497234e+00
-1.439521130777784874e+00,-5.022222838112170296e-01
-1.811124035127627208e+00,-3.597180487398978777e-01
6.801926860320949286e-01,2.637770367594755694e+00
-2.223193000255878182e+00,-1.088016874240451126e-01
2.881617503632969424e+00,3.428414020043799026e-01
3.868446897911795634e+00,1.690082603103509884e+00
-2.180120132962838575e+00,-6.824201375990966711e-02
3.446937070314485041e+00,6.746782844291090431e-01
2.739476639390303614e-01,2.012952845535438406e+00
-2.239982156738480779e+00,5.489381241361046548e-01
3.367619078929958931e+00,1.258259199108116233e+00
2.830965178244557734e+00,6.172025212278289819e-02
-1.633173669951015317e+00,-6.922308099160674744e-02
-2.185193413513768945e+00,4.851890969746128768e-01
-1.760293529805286861e+00,-3.203559562541818395e-01
-9.488646120562720387e-01,-8.815995063459658443e-02
-1.692983678797961300e+00,-2.673711974704094940e-01
-1.749844910490491845e+00,-2.978122732008990246e-04
-1.656843022081830208e+00,-9.042610233093603678e-02
-1.738244262262677697e+00,-5.705810026061342022e-02
-1.670426857556959410e+00,1.755753141979229381e-01
-2.439692821137266598e+00,-1.042833773462349539e-01
-2.423255044624356813e+00,-3.893650106437796521e-01
-1.927279818130300360e+00,-4.864031232196454058e-01
3.518952671672033183e+00,1.339717982084468462e+00
-2.167615311112821797e+00,-4.380100897670984872e-01
-2.289241318254794155e+00,2.356259132160108336e-02
3.180550983442032020e+00,-3.538195295201402857e-01
3.590482095875992652e+00,5.445357465214464288e-01
2.678242614481576744e+00,6.895841433615688132e-01
-2.210403338414900887e+00,-4.334724248603621932e-01
3.564726494846224725e+00,1.066917776719080502e+00
3.354535935946433067e+00,9.558656235032499948e-01
3.305957753482426931e+00,1.297982321417059159e+00
-1.788770215721120049e+00,-3.719022589863313355e-01
-1.836990165532276009e+00,-4.181494839536430974e-01
-1.634232327839309162e+00,1.985726858172046638e-01
-2.188064332129247003e+00,1.921677130786374754e-01
-2.601007407783269887e+00,-2.132812886204658309e-01
-1.893813420509937506e+00,-4.353043861340661347e-01
-1.612854465022022232e+00,-3.363696426948981077e-01
-1.647513905970919401e+00,1.106797145226367518e-01
-2.517128440549303292e+00,-3.119309062242887620e-01
-1.677393773175497316e+00,3.513802496804148932e-03
-1.852804811214613379e+00,-5.477410938289285491e-01
3.143096431778772182e+00,1.929320465411392238e+00
3.585331589417631193e+00,8.056512666604569439e-01
-2.270997329854952618e+00,2.407825227912392674e-01
-1.427836331487484234e+00,-9.766742601994907180e-02
-1.556606061711391709e+00,-5.253536107610204953e-01
-1.599652635388964628e+00,-2.682955531122371839e-01
-1.556217704786835965e+00,-1.332522929594147920e-01
3.512477121781796274e+00,4.794792803650926860e-01
-1.712643057711011885e+00,-3.136579229068281460e-01
-4.707128029156840143e-01,-5.375092605774645094e-01
-1.582035745459127174e+00,3.733758723896820064e-01
-1.854685779668690637e+00,-4.154392053826007070e-01
6.510788527055770381e+00,-2.543702793220084857e+00
3.315332911828789975e+00,1.247156357040978270e+00
-1.844664372259348095e+00,-2.334459487574403747e-01
-2.326174702013402928e+00,-3.744695994742391343e-01
-1.084998086421118169e+00,-5.019535932534747724e-01
5.778925494220894521e+00,-2.760016305009256765e+00
6.503917544316212052e+00,-2.446802825797457004e+00
-1.695341775749447111e+00,-8.226099229499345133e-01
-2.131523418340179443e+00,-5.093043333035452563e-02
6.472548492665169739e+00,-2.674371323754226371e+00
-2.268457605595053828e+00,-3.525971991956095009e-01
-2.096618169079285998e+00,5.632511938293102149e-01
3.357000187342665587e+00,1.167933158435870755e+00
-1.624060614759016863e+00,-3.571197041876619238e-01
5.067950587573647248e+00,-2.308869256524004321e+00
2.765556532929360767e+00,7.287855847208491999e-01
1.297241257708919182e+00,1.381513757201571879e+00
-2.217384283218511332e+00,-4.795659793196159204e-01
3.501094392732864602e+00,1.413402227663572264e+00
-1.824474261686424903e+00,-5.859878099684886488e-01
3.505697345416382671e+00,3.679296487088850043e-01
-1.695774131467128631e+00,-5.169981059568217185e-01
-1.677896307557182887e+00,-3.496390223757738225e-01
-2.179041927644321586e+00,5.921768440692011248e-01
3.400712757597353697e+00,5.390937186424267225e-01
3.416030755355623505e+00,1.649566521843229827e+00
-1.629844188107358649e+00,2.073186400973812404e-01
2.296426299248260250e+00,-2.757704812287758989e-01
2.913354691540301911e+00,1.632485157482642668e-01
5.566587915054330260e+00,-2.603975336227592585e+00
-1.487082336509340852e+00,3.377893023598436129e-01
-2.185476589101654987e+00,-3.313951896001812170e-01
6.016521902008448386e+00,-2.105741683306355139e+00
-1.012136078598581124e+00,-1.040737679329023779e-01
2.861672616355034116e+00,8.795823740248928102e-01
-2.495113148450299079e+00,-4.790939800279893634e-01
-1.699210584510380651e+00,-5.236992558334803149e-01
-9.533463687162750944e-01,-4.470683628888333372e-01
-1.092329094054883543e+00,-5.946734226252656796e-01
3.379582802817395315e+00,1.445550640734358572e+00
-1.876689855845067534e+00,-6.379244114837545609e-01
-2.532832140566949164e+00,-5.905261815832847372e-01
-1.877266091632922240e+00,-2.634206025699582510e-01
-2.465080838517167194e+00,-3.319582589704961895e-01
5.828299806008208073e+00,-2.728678895662543180e+00
-1.615657058835811011e+00,-4.679400679768545568e-01
-2.302813614343886872e+00,-1.012377524727792050e-01
3.266738547475701804e+00,1.258413294704363583e+00
3.391987248194798799e+00,5.391101664118903569e-01
-1.967742982925971162e+00,-3.994705629975180972e-01
3.326272034919872223e+00,1.124369498436961212e+00
-1.516311367604880500e+00,-4.867305406110940952e-02
-1.498618661620548576e+00,-1.387389228779739858e-01
3.441687043588611328e+00,1.508575085043008190e+00
-1.754247200094953829e+00,-2.197802033890284001e-01
2.700651546396634739e+00,1.468428154949360076e+00
6.692128188318589466e+00,-2.317381476610406832e+00
-2.310528169620319705e+00,-6.642971749414585680e-01
6.534381073691632125e+00,-2.700555534470800545e+00
-1.800809057750683229e+00,-6.998843360873074904e-01
-1.593085243912958360e+00,-2.647308936454469824e-02
4.905537045368355997e+00,-2.094981775932761803e+00
-2.240058304345795559e+00,5.231827995549812593e-01
-1.798243180893738247e+00,-4.355331341826498837e-01
-1.828818741846608864e+00,-5.717091969836078924e-01
-1.705322017342686625e+00,-8.781443675531126758e-02
8.448408929055413186e-01,2.040148924608204961e+00
-1.511256347752072848e+00,-1.986895377382953132e-01
-2.287922036142411741e+00,3.251071907701281738e-01
5.029463853200540235e+00,-2.256258792665919444e+00
-1.139015668445959140e+00,-5.006239784726533582e-02
-2.343314463724471608e+00,4.235120068381486025e-01
6.171463221061613602e+00,-1.797153571207796841e+00
2.762216748703000935e+00,-8.582109622083602951e-02
2.845959880000704878e+00,8.421463417032342136e-01
2.613336433376093115e+00,1.330364191450478684e+00
-2.121324155798689937e+00,2.047359062445761324e-01
3.261077469770333970e+00,1.709077068216133588e+00
-2.271064761783298636e+00,-1.543282814118480673e-01
2.823086617436676438e+00,6.475291927716879670e-01
-2.722181199399554608e+00,-1.688246161922092592e-01
-1.717282544924491505e+00,-2.884818120469956892e-01
-1.749183106588543035e+00,-4.924792437621809404e-01
3.539506659862113658e+00,1.306605770482986983e+00
-1.098417023021529104e+00,-2.529663387038294520e-01
-1.726581249302689081e+00,-3.627465374939020104e-01
-1.829719928330275858e+00,-4.324542226055842487e-01
5.648486050983424711e+00,-2.587330490968311913e+00
-2.456782038019866832e+00,4.075289729166474695e-01
5.831126328944256976e+00,-2.356520548720030028e+00
-2.001955812980720673e+00,-4.355148782893134007e-01
-2.257146123638181567e+00,2.949467373429149331e-01
-1.835171621981874335e+00,-1.920390147404519299e-01
-1.531260260048692645e+00,-5.366226305544287145e-01
-1.194959277275558618e+00,-4.939613769511860819e-01
9.366906320316860102e-01,3.199357261267953945e+00
-2.272199771011956582e+00,-1.959293492894065847e-01
3.306525909187794543e+00,1.024950376420400433e+00
5.507013323982729247e+00,-2.372947716224139914e+00
-1.688596171048757588e+00,-3.692389277840004702e-01
-1.683949473256056262e+00,-6.037927822768437425e-01
-1.668394505289946705e+00,-5.488489086510124348e-01
2.763830387557141055e+00,2.235108454141432888e-01
3.776320527805717475e+00,9.550149482408004653e-02
2.733112110582096577e+00,1.086237774627745400e+00
2.803116819165518692e+00,3.102889843106492185e-01
3.178099177999945457e+00,1.338643572295694639e+00
-2.567086451900615351e+00,3.834776619956856147e-01
6.162175640040139513e-01,1.792238954807516826e+00
-1.746292534668164365e+00,-5.401860242797550393e-01
-1.956845754608010912e+00,-5.385746652339966634e-01
1.457532251268118362e+00,1.379877302235593906e+00
-1.672105233153998061e+00,-3.447559641232554317e-01
-1.048638633031582001e+00,-6.718479873270918334e-01
-2.304085233166651481e+00,-2.563515583357078853e-01
3.225990234669589896e+00,1.165196469700137349e+00
-1.782036993067629194e+00,-4.552962675590486175e-01
6.865693413206308549e+00,-2.405819041270539138e+00
-2.232755625031901392e+00,2.935211882477997691e-01
3.423721154627669794e+00,1.382561694389499607e+00
-2.139181559231873919e+00,6.890637123404943498e-01
5.818973303519470619e+00,-2.838821659850829349e+00
6.459316399742895065e+00,-2.512299236920134682e+00
2.715872627405699902e+00,7.007112220351762177e-01
-1.771836649653741880e+00,-1.735977236918665734e-01
-1.680790872062038588e+00,1.982693662213282082e-01
-9.515598994837601854e-01,-1.231991908314745837e-01
-1.832279168614744824e+00,-7.405002512785910929e-01
-1.734737341859029947e+00,-3.136969519736944600e-01
3.529242474986913347e+00,5.391975460137785614e-01
2.971984957002268057e+00,3.490466477830641012e-01
-1.714848654913626147e+00,-2.491994192628962934e-01
5.802377352807099875e+00,-1.912565988124280691e+00
3.223596012956773116e+00,-8.483155372311227405e-01
-2.365381361164805352e+00,-3.527300313608688898e-01
-1.387043714005910866e+00,-3.585099360427121407e-01
2.781987116397786064e+00,1.308759536304097582e+00
-1.050254789553067170e+00,-3.839017972185154726e-01
5.007349903501197019e+00,-2.178805929601471014e+00
-1.825512042272906532e+00,-5.176634339032146759e-01
2.885979495968631792e+00,1.436860917635591761e-01
-1.036751679892609079e+00,-2.019992234754779681e-01
-2.310133948179362573e+00,-4.146072580233913785e-01
3.321036728329335830e+00,1.364903133604884466e+00
-1.108264357907689623e+00,-3.742180422748921931e-01
-1.677517534488476958e+00,-3.332493758032834541e-01
-1.716390364521318324e+00,-2.843704327420846778e-01
-1.762764092508094294e+00,-1.375040217296913947e-01
-1.737296652085070559e+00,-9.830490829168715694e-02
-1.546865163117714603e+00,-5.823696110827440708e-02
3.367531110384219595e+00,1.211268594730222192e+00
-2.354686132755053229e+00,-4.544325933275388807e-01
-1.730420187236050067e+00,-9.736663088459387994e-02
-2.218703630191064757e+00,-8.159845792711620943e-03
-1.671268991174094554e+00,1.455291501361607454e-01
-2.502180812490243156e+00,-5.876214245245574563e-01
-1.821922966890721529e+00,-3.721329420707318314e-01
-1.810483675547734261e+00,-5.364370734947971897e-01
-2.550856146624453924e+00,-5.951791775371602089e-01
-4.664297479077739728e-01,-4.912572329852608055e-01
-2.255437977702649199e+00,-3.469584092214252902e-01
-2.543490709993323051e+00,-6.373342690811477640e-01
-1.696380084611277761e+00,-2.824642565452765153e-01
2.831006703997870577e+00,6.685945393910877055e-01
-1.691289113012146128e+00,-3.688958341271598718e-01
3.272741386117306917e+00,1.590716615547271173e+00
-1.794755357001437179e+00,-4.775284133034675138e-01
-2.191023371786554375e+00,2.998467332223416770e-01
-1.709876582996706862e+00,-2.539491677305690254e-01
3.394513527052139601e+00,8.706555993304678776e-01
-2.335013053379009218e+00,-3.055803920458955575e-02
-2.470102370540337322e+00,-4.301085317088452764e-01
3.315585480903408211e+00,1.316417227193925621e+00
-1.657327815036606866e+00,2.316454840061796527e-01
-1.669478921021604556e+00,1.616488716457039898e-01
8.350591616267590833e-01,2.917072418107101051e+00
-1.543864302902254071e+00,1.737400596713319645e-01
-1.727793556554858112e+00,-3.582303508523800306e-01
-1.001970178249617316e+00,2.097082072991265575e-02
-2.256820346095660401e+00,-1.117881896881769282e-01
-1.739351261343077715e+00,-5.280072185928454953e-01
2.309315326693265558e+00,-2.103433137991368718e-01
2.832900876422049130e+00,4.250954940527177928e-01
-2.049711267065221332e+00,-4.517001140179597307e-01
3.420814756838095327e+00,6.699423130087571732e-01
-9.980232247807143686e-01,-3.962517380055345373e-01
3.250282518946575383e+00,1.233266873092233595e+00
-2.105075180891992304e+00,-2.036699025982208200e-01
2.738922855690827163e+00,1.402041703951221463e-01
3.027026077670840198e+00,2.216932577073263966e-01
-2.505733778028261582e+00,-3.360231547237965133e-01
-1.479632989912226915e+00,1.023706731601657233e-01
6.086963281735834563e+00,-1.761198014674113299e+00
3.321991991029969782e+00,1.034899131565699681e+00
6.315232080423983874e+00,-2.757110728701261060e+00
-1.733600546667691811e+00,-1.099106383059403613e-01
-1.878942636981962178e+00,-4.887830281231778651e-01
2.997471139898792547e+00,3.678535125312735743e-01
-2.194723258744401218e+00,-1.194859117037420232e-01
2.883012228216852879e+00,4.480755056246642221e-02
3.222777242668427355e+00,1.346083973848341664e+00
5.799111132785780498e+00,-2.155442056074011070e+00
3.551832626711408203e+00,1.207658677708638682e-02
-2.458544909056432637e+00,-2.355629949759040498e-01
2.873246842099170362e+00,2.523230330512091224e-01
3.413778015996244086e+00,1.230638328544795490e+00
-2.512053292352069089e+00,-5.368853224931631196e-01
-2.360501150007737081e+00,-5.068382689618284864e-01
-1.953351373195445051e+00,-4.451012983159346459e-01
-1.462556017779287121e+00,-4.258688676460973266e-01
-2.619782012702452256e+00,-3.839671243766444308e-01
-1.995828487254800221e+00,-5.138742847196642316e-01
-1.464513026906544058e+00,-3.823098757552803040e-01
-2.271821926469192565e+00,3.320814660893169762e-02
-1.537035426821885986e+00,-4.869205717609555450e-01
-1.497647217022777033e+00,1.370101776296593077e-01
-2.136848006992051463e+00,6.821208076541690479e-01
3.904522994291813376e+00,2.331048625807147889e+00
-2.355679504730912033e+00,-4.923844063131357050e-03
-1.116305465114265205e+00,-3.639653123308118077e-01
3.361641513862750230e+00,1.346482671955112398e+00
-1.644770223017385291e+00,-4.485806028711302740e-01
-1.708178826267460204e+00,-3.838088909859670439e-01
2.378026762958265206e+00,1.772114299229551770e+00
-2.295294899582568604e+00,-3.437631326389744002e-01
-2.259827997361858465e+00,4.297999482233893498e-01
-1.742838620524945759e+00,-8.841182921554531504e-02
-1.691216796240927689e+00,-3.749765727404099636e-01
3.454907634900387770e+00,1.018635606803697913e+00
-1.489328493612775084e+00,6.427834435156386528e-01
-1.669962862351266120e+00,-6.018163604704888092e-01
-1.620535795443055038e+00,-8.641932237903830749e-02
3.418062189633269021e+00,1.244306290621243205e+00
-2.365675046767551137e+00,-4.945285239224306295e-01
3.658655199806903457e+00,2.734659663965534060e-01
2.764170668980285406e+00,8.239614920154902933e-01
3.448182355931737053e+00,7.266687683905683759e-01
5.371296256318408568e-01,1.779847166826407534e+00
-1.011973653951367291e+00,-3.187779232219742909e-01
-1.607084309560270263e+00,3.212317115584237617e-03
-1.732413490247579624e+00,-1.586658614155090075e-01
6.982356895900386107e+00,-2.311599934767916142e+00
-3.062866253429965546e+00,8.517015479126754940e-02
3.316045067621429254e+00,1.464040709450250333e+00
-2.277334798152181872e+00,-3.507696527640007944e-01
5.915096157906738483e+00,-1.888815884060819794e+00
-2.239475817439203542e+00,1.647452089673738518e-01
-1.694446599874100068e+00,-4.520789997213693900e-01
2.838057224595096795e+00,7.711709058672028272e-01
-2.255802492762552625e+00,-5.305975707415628850e-01
-1.864315624473547484e+00,-3.221792902541237846e-01
-1.019927709557842066e+00,-1.233484935109527558e-01
-2.382263398931688148e+00,4.990076596042249124e-02
-1.865681668568961671e+00,-1.424260389239641045e-01
1.866557904682081936e+00,2.130782139784090923e+00
-1.747893449337676319e+00,-4.686037536583091967e-01
-1.593066564216093495e+00,-1.125862377919722296e-01
-2.291486730319409748e+00,-4.653493048974643304e-02
-9.903763881819099835e-01,-5.764658995843264799e-01
6.002678539109174594e+00,-1.783079161684605118e+00
3.432109907018764616e+00,7.129824068694747830e-01
-2.236410341479150077e+00,-3.847444915355259787e-01
3.382459747920873561e+00,9.241288893728418774e-01
3.474421546125183724e+00,9.247280337987302534e-01
6.580209844606705438e+00,-2.716788391716128626e+00
-1.891193363479291456e+00,-3.288610907416081863e-01
5.848285733887559346e+00,-2.116475562629815066e+00
-1.580949378853169440e+00,-1.455192828117992700e-02
3.420807051834644508e+00,1.085203510223006873e+00
-1.859225669650876656e+00,-2.038311150289343066e-01
5.616180471952998410e+00,-2.635261868849006817e+00
-1.659400281025767532e+00,-1.631437078760006876e-01
-1.780196278474990512e+00,-3.537519954619344209e-01
-1.523392225954571355e+00,-1.129149003528894801e-01
2.824137308123735757e+00,7.983680131721616613e-01
-2.611179768264013656e+00,2.560097549290228369e-01
-8.158160859781937724e-01,-5.001871351650198916e-01
-1.657529556740019450e+00,-5.084013592558994654e-01
-1.531690926982827161e+00,-3.244024087253136734e-01
3.425741898266320362e+00,6.057996304700843382e-01
-1.745799612495295916e+00,-7.532825965994701667e-01
3.368970399480906153e+00,1.344050904071230290e+00
-2.817201346698963604e+00,-4.872832773412266033e-02
2.763117499262435217e+00,1.102899041955670123e+00
-1.768952982432299148e+00,-1.041384634207100646e-01
-1.660425156369845334e+00,-4.613577351401156323e-01
5.743139894649318400e+00,-2.787852061523000469e+00
6.027244739953187214e+00,-1.626876369240688680e+00
8.185213945462905816e-01,2.927391543956705533e+00
-2.155505577637828019e+00,5.264277136546443581e-01
3.183454252684684516e+00,1.606708437191543215e+00
5.979926597802274202e+00,-1.942868145953087655e+00
3.727051573578772370e-01,1.873780614368872666e+00
3.520498303669526319e+00,7.909570260315346157e-01
-1.643304956504391789e+00,-6.859232961045479415e-01
-1.696649819524228109e+00,-5.046585654495432810e-02
-2.332375194778629535e+00,-3.614223564710165038e-01
-1.868575913632317675e+00,-1.628192013684873762e-01
-9.874746322234033702e-01,-1.128286211059321281e-01
-1.145499733337633774e+00,-5.387041538577117539e-01
-1.793195898557766954e+00,-7.885029266348395072e-02
2.850084815918979331e+00,8.369733244384912618e-01
3.285390837083491000e+00,7.807365663753086382e-01
6.129351024574792639e+00,-1.722811269182436433e+00
-1.781005087151235955e+00,-4.395480769423046885e-01
5.782162205486461204e+00,-2.716339115119438929e+00
-2.281154354491281566e+00,-3.657555278432519930e-01
3.440970578610513364e+00,7.850492692476962464e-01
1.104779767424402648e+00,2.433353045151680494e+00
-2.392492810645203694e+00,-2.003800069677869056e-01
3.491797697597428751e+00,8.452103019802242878e-01
-2.509502831388755073e+00,-5.055180730532391475e-01
-8.704757100885393006e-01,-5.114710281961692279e-02
-1.724570790157717193e+00,-4.870157402005759195e-01
-2.333832519314012810e+00,-3.714059565039145028e-01
6.356071394580232514e+00,-2.673027481376134773e+00
5.731096464055686290e+00,-2.041039027669409478e+00
-9.849293303440691538e-01,4.908631721569823442e-02
-1.669227865769920882e+00,-5.702296067237671018e-01
-1.933090692649743314e+00,-1.611962699620469452e-01
6.091932578746258820e+00,-1.781036766264432636e+00
-1.851233275679048829e+00,-6.346320009833203990e-01
2.416269654814408252e+00,9.974062726345887808e-02
-2.510208773760799428e+00,-3.798564035469459976e-01
2.740918800708790570e+00,5.956121898348865074e-01
2.742513304501427385e+00,7.208055222131758422e-01
-2.326071741431241957e+00,-2.368734055035155717e-02
-2.503362388325879095e+00,-4.984393822343530789e-01
-2.229429318741745547e+00,-3.078762338995806869e-01
-1.764832289413932109e+00,-3.334586095451836929e-01
2.777920234141238343e+00,9.818623251908050742e-01
-1.849040469119603625e+00,-3.471984264493823136e-01
-2.861995313607025082e+00,7.912875293099163043e-01
5.767194591393756120e+00,-2.773715624322093287e+00
4.325137703526046873e-01,2.923231384116817377e+00
5.760609843998024893e+00,-2.674760580896111684e+00
-2.377394202195834971e+00,-3.904120619493507416e-01
9.736447021751689634e-01,2.100122113797337597e+00
3.270632682570355332e+00,1.206407689971107144e+00
2.181154367996740007e+00,2.485434244991748809e-01
3.296225298547278193e+00,1.235670796552963857e+00
-1.718325180678128561e+00,-6.041965423876254349e-01
3.403102294825997909e+00,2.074536920824298303e+00
3.510326239447048913e+00,1.362506339952049395e+00
-2.354396516287631691e+00,-6.628823506948258171e-01
-1.594502480561938107e+00,-2.760706924940963813e-01
-1.608589154063718940e+00,3.104268487989552128e-01
-1.615790256608387709e+00,-6.100071770823489725e-02
2.824255298815343984e+00,4.417013684362804393e-01
-1.645084521606849925e+00,1.763464889722667350e-01
-1.725075939562876304e+00,-2.436092996908270358e-01
-2.186676912161090947e+00,6.295497179817055589e-01
-2.264273926612990540e+00,-2.406065041352897504e-01
-2.196920541941365546e+00,-4.216620196718943170e-01
-1.752414834705427138e+00,1.318459516748022031e-01
-1.653673216521968525e+00,-5.277949602016530628e-01
-2.582988490880342436e+00,5.139205185814234023e-01
3.078770117119537186e+00,1.350567762382597792e+00
-2.424583143389418716e+00,-6.064155946050208135e-01
-1.624325937621109883e+00,-4.296585785270607416e-01
2.523320628630955631e-01,1.810937600674764836e+00
-2.810352028113001221e+00,-2.949891002263164697e-01
-2.358735489444016675e+00,-3.839745741322533323e-01
7.529682533750223783e-01,2.558374218433939529e+00
-1.682124965171359676e+00,-2.783036222117958869e-01
-2.146908353145350112e+00,2.434011403748630453e-01
-1.627023489170674519e+00,-3.564374742202763291e-01
2.838291791974302480e+00,2.940230268760666288e-01
-1.651241217421513863e+00,1.451855201195557943e-01
3.775339656888706319e+00,2.156756042893223313e+00
-2.713310238827307153e+00,7.205076434556536569e-01
-1.162040191785471910e+00,-2.707651215414155765e-01
2.762732965155175968e+00,9.871128150656756084e-01
-1.531431451097702068e+00,7.977530707002440380e-01
-1.568286201224465826e+00,-1.928803586517743585e-01
-1.779330526129508705e+00,-4.478395721710057842e-01
2.890102267947376014e+00,5.390339015027602043e-01
-1.917865009970821433e+00,-4.946845741081020154e-01
-2.380491839655038522e+00,-2.161614609945462784e-01
-1.662346599147803472e+00,-2.670597095535869325e-01
-2.314060194725960695e+00,5.661814675962308918e-01
3.358281526030796993e+00,1.490531685078119173e+00
3.375818837367583480e+00,1.202879986359980391e+00
-1.764700373721870275e+00,-9.131763241755865013e-02
-1.586769812213192576e+00,-2.921496651471179318e-01
-1.757529994378334459e+00,-3.036817081818791730e-01
-2.224211547042433068e+00,6.876425356124266086e-01
-1.798626424755717990e+00,-3.972193299769320451e-01
-1.880746577012901488e+00,-5.092711051803133770e-01
3.262843679971224375e+00,1.496120019787597677e+00
3.382722026116176561e+00,1.330567049150711556e+00
-2.247477078728687516e+00,2.736615087065459306e-01
3.364875719207677474e+00,1.024085896592788369e+00
-1.644904326617043555e+00,-4.238310079310394496e-01
3.576306245223626945e+00,1.440832207558440659e-01
2.905488067056503976e+00,2.025313845433254767e-01
-2.170654355111472533e+00,4.870851882291131474e-02
-1.846387381326020094e+00,-4.799195726362918135e-01
-2.304473141489175703e+00,-3.181494871225512000e-01
-1.707944260231810230e+00,-1.990472165404504890e-01
-1.752824475271416604e+00,1.189958364165510096e-01
-1.765842589715036048e+00,-2.874834110917671715e-01
3.524037811014419042e+00,6.415856072147561040e-01
-1.701012466675261070e+00,-5.039605669558224754e-01
3.313189704541604108e+00,1.137859691091388736e+00
-1.815710223292071435e+00,-2.021390575038338189e-01
-2.239191333062728884e+00,-5.969813532958100771e-02
5.722134462008536815e+00,-2.787967364392702763e+00
-2.151737103878780477e+00,4.585202459393727392e-01
-2.469232822341181688e+00,-2.179777907616736454e-01
3.436113592545490647e+00,1.486538196422750868e+00
-2.234918542399988439e+00,5.845575905311513332e-02
-1.616959661521611968e+00,-3.998502519276669886e-02
3.566593864692602533e+00,1.073211475604403331e+00
3.399561986130624547e+00,6.745892405815084869e-01
-1.735331306247202665e+00,-7.322107079479843461e-02
5.052054566502268695e-01,2.128624776733085255e+00
-1.790932316696881799e+00,-4.653661865538163966e-01
5.737770297283532273e+00,-2.788710519322879833e+00
-1.752200733323413750e+00,-1.246715908704665310e-01
3.462838555579887956e+00,5.269590097859043754e-01
3.560090162699826699e+00,7.223218216542722780e-01
-1.662534332131954118e+00,-2.676156244046734023e-01
-3.529392793473161705e-01,-4.491199620311606133e-01
-1.027592386213773468e+00,-2.981515849763965442e-01
-1.070868779877453436e+00,-1.753808059776782446e-01
-1.636929265280311796e+00,1.116696806176527418e-01
-2.102636682281513014e+00,5.377577037548939565e-01
-2.148687045501687098e+00,8.945268684054961117e-01
2.775176457508332639e+00,7.216136739324962024e-01
-2.159823995399596352e+00,-6.093351049269011277e-01
-2.246663893227013098e+00,-2.155555196338612700e-01
-1.560241205840462442e+00,-4.563543367142114393e-01
-1.982631959313190473e+00,-2.269910979250643057e-01
-2.462218703926845720e+00,-3.501644423819925134e-01
-1.062702573022924479e+00,-4.306266978925965550e-02
-1.537142494695073136e+00,-1.965303952120775188e-01
-1.571925081073106023e+00,5.770536821607017419e-01
-1.723760327480158283e+00,-3.195726694533185253e-01
-1.776876183867201808e+00,-2.866871899190244211e-01
-2.199056199991947569e+00,-3.923404973320805400e-01
2.852251118916596884e+00,5.018201745006066750e-01
-1.599685570022607140e+00,-5.992417709404694870e-01
-2.809084834663273966e+00,7.323095044037982726e-01
-1.622046064509537810e+00,2.740034930418936976e-01
2.887443844859931996e+00,-2.227429823564085754e-01
-2.418141858740980421e+00,1.104582681175672425e-02
6.790860916151763682e+00,-2.389538078076382632e+00
-1.612089905803695933e+00,3.418510703234039355e-02
-1.851521058226228700e+00,-1.001432043694153867e-01
-1.801145962929207700e+00,9.039612829756199508e-02
-1.678172232529375529e+00,2.551424803134260191e-02
3.325841082740866650e+00,1.254267525029416186e+00
-1.619950701581194030e+00,-1.387546439960912481e-01
3.431958220838508211e+00,9.697143513388755132e-01
8.755219015771728008e-01,2.194874692272046790e+00
3.396152363219302472e+00,1.734716941524857559e+00
-2.243287585132299089e+00,-4.508408785928361140e-01
3.600856645324302718e+00,1.664264010338034061e-01
-1.626335576205888866e+00,-3.635294911823777064e-01
-3.074083258816317166e+00,8.986193013715840783e-01
5.760861081208180856e+00,-2.779625563303310454e+00
-1.560463675141564810e+00,3.909913173548581339e-02
5.463511325938476659e+00,-2.538784109067569794e+00
-1.093405251144121237e+00,-2.729173371107060375e-01
4.010712396165451388e+00,1.908567617524712379e+00
-1.517257921594334036e+00,4.826068325144439175e-02
5.592627099545177671e+00,-2.714735239688826240e+00
5.545844772787111410e+00,-2.672161490436040232e+00
-1.080181955460858045e+00,-6.694877369010664436e-01
3.449031894555053768e+00,4.257655837276065891e-01
-1.696766224623484476e+00,-5.032764532110881595e-01
-2.300980822896883105e+00,-1.723698896235580091e-01
3.313140175169147383e+00,1.021546152760284931e+00
2.746085862064544969e+00,7.949556618336068858e-01
-1.629238211946608228e+00,-4.733523702148507706e-01
-1.707324431823557642e+00,-6.056473621770289834e-02
5.960238170034606320e-01,2.657858646643796785e+00
-1.534654257971518998e+00,-2.533951059262927741e-01
-2.575518172799695193e+00,-3.339018235895938602e-01
3.546086293221639263e+00,1.258449005669470544e-01
2.881424375888984812e+00,9.792998196667501709e-01
-3.921551635715135320e-01,-4.163624112941532451e-01
-2.035364560514125731e+00,9.933477766089611471e-02
6.998690139466866578e-01,2.622751390375939629e+00
3.438362074360587162e+00,1.307927860015585475e+00
-2.429110012650217421e+00,-1.484856743155859859e-01
-1.613708393114919204e+00,-2.459455635056314593e-01
-1.892583354894820102e+00,-5.322950453641175361e-01
-2.275956479765382401e+00,-4.892865986428509562e-01
-2.567183874709314306e+00,-1.899541747621981969e-01
2.714342946215559049e+00,2.704190575087023207e-01
7.544632146942991113e-01,1.802314085660509768e+00
-2.363945754226128848e+00,5.018380063470332386e-01
-2.312999148361719826e+00,-2.293630367901453027e-01
-1.698747241397974284e+00,4.213838027797149888e-01
-2.382501593799501549e+00,-3.333935452679849254e-01
6.470203828870564777e+00,-2.631531856014865056e+00
-2.532424373276718654e+00,2.284552947803736300e-01
5.645473221289743826e+00,-2.653790271877031426e+00
-1.987238881236495169e+00,-4.944675710716457950e-01
-1.570191570708668216e+00,-4.675329684971666899e-01
2.747850827585212485e+00,1.204660097298475785e+00
3.636579712460537905e+00,2.060125109695682522e+00
-1.675836826069477592e+00,-1.270593408860985485e-01
-8.136875021596747803e-01,-5.925294784790104963e-01
-9.346251968526311238e-01,7.790392697256479093e-02
-1.018234987128370461e+00,-4.127483796851226794e-01
-2.278901674786798726e+00,6.079535779260775152e-01
-2.659975379206680479e+00,-1.611256085429840501e-01
-1.763393654164455704e+00,-5.120856964783019327e-01
-1.680047472427623090e+00,-5.404618042390910843e-02
2.877115846403954347e+00,4.392494135588306259e-01
-2.508211833615389352e+00,-1.932489158493407022e-01
-1.609808389063192458e+00,-3.143931312271406320e-01
-1.052062752817952251e+00,-4.010873535258264178e-01
3.486454042138130038e+00,6.680603114585803581e-01
-1.777093508238249742e+00,-5.728651887806845977e-01
-2.270116609583030964e+00,4.735517402183541669e-01
5.789593409259333967e+00,-2.763935494181553487e+00
-1.680544152698687510e+00,1.242916165986487631e-01
2.947149497399396800e+00,5.425254359730342646e-01
-1.854784584332843211e+00,-4.603337737278271891e-01
5.912641350529247219e+00,-2.833671148542795226e+00
-1.778454897903262832e+00,1.274311144546793340e-01
3.528420399052149214e+00,9.999003205844758657e-01
2.800200075544912348e+00,5.672808295391459227e-02
-1.611960020345049260e+00,-2.146171734979735457e-01
2.715026235955010581e+00,1.018796709169682568e+00
6.598762392861423187e+00,-2.465153749310404319e+00
2.873739208341003160e+00,1.969223835505508613e-01
-1.830990062599529900e+00,-4.324788591957749451e-01
3.370668546013785960e+00,1.278026424942631856e+00
-1.548415887380892864e+00,-4.162188064884916328e-01
-1.825484242328450746e+00,-4.662017042012523427e-01
3.438080847951157093e+00,1.576477273002734991e+00
-2.258935108403746117e+00,5.634922193630867993e-01
1.829013158480175427e+00,2.072314091038483852e+00
8.898820638571172115e-01,1.370336806725961143e+00
-1.108499191822935215e+00,-6.559641159974914926e-01
-1.678264443085373481e+00,-5.583359585857160523e-01
3.344525048781007648e+00,1.545578094132436631e+00
-1.760308497440927544e+00,-1.829123745350017538e-01
3.387744511670613523e+00,6.712711365755100745e-01
-1.595301524498003110e+00,-1.637781425206551221e-03
6.050742876367609213e+00,-1.738285489194135280e+00
-1.690696512794552131e+00,-4.044912886239492300e-01
3.495930517409470806e+00,8.321362775668509348e-01
6.257621397045908473e+00,-1.797353162545160421e+00
-1.726291806669359774e+00,-4.476877037958714167e-01
-1.578955237485462293e+00,-6.133027430433435345e-01
-2.136990597825724869e+00,-4.814726419475072183e-01
2.737214976703224334e+00,8.046566154600707232e-01
-2.425686119532075580e+00,-4.548881803581872885e-01
3.353148923618154420e+00,1.389945659141258005e+00
3.282960339608777645e+00,1.789210480229096012e+00
-1.676420699613647258e+00,-2.662668458142063155e-02
-2.203052148927348686e+00,4.657241625163585086e-01
-1.718447859849425496e+00,-1.280933962420580385e-01
-1.694937520928952113e+00,-4.668604245066881875e-01
3.439470766562380266e+00,8.030777774307618078e-01
-9.885711195868693846e-01,-1.029603050984129603e-01
8.846464643439099218e-01,1.850753010470992166e+00
3.228910276293099013e+00,1.372891510567147533e+00
-1.569091908462703522e+00,2.036263214878467898e-01
-2.184247207409609537e+00,-4.746308118536101683e-01
2.966475850124943303e+00,5.651442422813292635e-03
5.447353111663775227e-01,2.614787925228729382e+00
-2.586413125182968287e+00,5.669802265381235218e-01
3.584789970215501942e+00,-3.845311747464101593e-02
-1.665531931598670745e+00,-4.779736301296669265e-01
-1.637967518936668920e+00,-1.407537730423717159e-01
-7.921603700348632815e-01,-5.576574320459122269e-01
6.628811754338478579e+00,-2.531164291716338166e+00
-1.645655371451363758e+00,-6.174377378005599937e-01
3.408156091051295800e+00,8.608077763360783008e-01
-1.843227579993885756e+00,-4.598553024912078180e-01
-1.743924936901052394e-02,1.805516174031253529e+00
-2.444201270286200600e+00,-4.789779262710150975e-01
3.188187649031731574e+00,1.474777577756641866e+00
-1.664470884220114799e+00,-1.134413561837983864e-01
-2.185811293804413413e+00,-5.321092925475561231e-01
-2.004293582797874507e+00,-2.095119866317583235e-01
-2.442522584990713508e+00,-5.083861288351979590e-01
-1.170200180842163595e+00,-5.956586162326206191e-01
4.608008816178298939e-01,2.894957114887965144e+00
5.766695201772895629e+00,-2.740940222613773791e+00
3.319566901462480235e+00,1.229783725854783460e+00
5.628234381741084924e+00,-2.584436761409222516e+00
5.773715030781666258e+00,-2.767896015498458429e+00
3.344102542404766787e+00,1.717253433040683896e+00
3.479271756523780290e+00,3.454886658293488538e-02
-1.848146879108087504e+00,-5.293910612418252226e-01
2.740608957743085661e+00,7.379532792105398809e-01
-1.826989882656200770e+00,-3.676155864407535390e-01
3.479921441247354696e+00,3.667649173806815099e-01
3.364257654354286586e+00,1.166151761476447168e+00
-1.586982687404716597e+00,-5.118588655148088584e-01
-1.210929366656622985e+00,-4.327236757826384839e-01
-1.554478641175101705e+00,-4.003183339648171968e-01
-2.111689922021370514e+00,5.686449744457285904e-01
-1.695714412796661019e+00,-2.141499531932036793e-01
2.997518915766640202e+00,1.055653664387402324e-01
-1.850695169372418070e+00,-1.254884071957108604e-01
-1.883981473531295636e+00,-5.644121610077806883e-01
-2.149750539782627090e+00,-4.966050838972508319e-01
-9.346927231245064638e-01,-4.365663946894898229e-01
3.784778176787967574e+00,2.039877507020408931e+00
4.991881825019505392e+00,-2.130422197430403841e+00
3.514166509037288666e+00,8.664388747912780131e-01
6.191248978941806591e+00,-1.858964051283701346e+00
3.465831799250799872e+00,1.093318780154780345e+00
3.041745754429371562e+00,1.866844936699876500e+00
3.385212091457463046e+00,1.191166028479490713e+00
1.060777424627350030e+00,2.303919918522976396e+00
5.841179853695138036e+00,-2.767637955346260004e+00
-1.703281222288343555e+00,-3.971633985692452073e-01
-2.259186591100528663e+00,-1.296855532293176572e-01
-1.120429707367827987e+00,-3.312326683657785820e-01
-1.806877237428415661e+00,-2.907850392896819125e-01
-1.737349904151473723e+00,-2.802841641977449338e-01
-1.781475591478156817e+00,-2.651729606929560945e-01
-1.736631910875388707e+00,1.353170327733528300e-01
3.485428583487401255e+00,1.302439554226002327e+00
5.670037377202761242e+00,-2.659636844820537416e+00
5.663695540577348808e+00,-2.687143400355496592e+00
-1.625962710731404304e+00,2.065607605441292238e-01
-1.685123111706793297e+00,-2.154117937201875943e-01
2.666666849424794705e+00,2.608150803402805029e-01
-1.021753885615108048e+00,-5.374254995746504671e-01
2.725765119806735637e+00,6.929841833223729930e-01
-1.824793569308024388e+00,-5.473134006177370336e-01
-2.520617417379402259e+00,-2.915083569045791023e-01
2.621595427366597786e+00,1.649661814168210228e+00
-2.316066464529917379e+00,1.246054064377224158e-01
6.476682774678550469e-01,2.303120924431703909e+00
-2.552919869231795591e+00,-1.184696960256372139e-01
-2.675594668910744822e+00,-3.247608251883475905e-01
-2.345792183335157599e+00,-3.440824468893922683e-01
-1.978458338661575944e+00,5.957354479361257754e-02
-1.805671929739971926e+00,-5.474376669278747665e-01
-2.379782349046067669e+00,-6.455145792818521855e-01
-2.193229660284567117e+00,5.552459451107617516e-01
-1.699761041858408595e+00,-4.770363070407835915e-01
-2.690743423265510526e+00,-5.979316380259024344e-01
-1.679496025242843471e+00,-7.987104979668797622e-01
3.317143030777512269e+00,1.320014002411890042e+00
6.868288962283929600e+00,-2.650225661089766316e+00
3.363414313378211951e+00,1.281554590308192854e+00
-1.813239870737398007e+00,-7.109356595339375584e-01
-2.474601813747679735e+00,3.953990955178667832e-01
2.792045641766049524e+00,9.037826411800004012e-01
-2.201343060616602010e+00,2.731558193384434410e-02
2.955813092604595127e+00,-4.237616377121357081e-01
3.353608787953849646e+00,9.420535482473265665e-01
6.718742642750435756e+00,-2.648368560670142813e+00
-1.677933981294887689e+00,-1.697462964600953139e-01
-2.095339261856982827e+00,5.072795960222924450e-01
3.540208810813983753e+00,7.298095846980585666e-01
-2.404062843831892504e+00,1.383310241446984445e-01
-4.574496899462373589e-01,1.438564422872468995e+00
3.241057831753488827e-01,2.270792487219018163e+00
-1.603010264166830234e+00,-2.075164978012400685e-01
-1.674671961756126315e+00,-2.594371099689942728e-01
-2.398168744716878020e+00,-5.619424821716200169e-01
3.449958920480076685e+00,9.321642999805053176e-01
3.456678200908437582e+00,1.078174505521746207e+00
4.964417973708381560e+00,-2.206652384401480038e+00
-1.690333484678342213e+00,-6.821337371107438763e-01
-1.048130290074132276e+00,-1.977200954052655002e-01
3.026962648392466648e-01,2.629118654078855144e+00
-2.531725856424071441e+00,-6.380616325201315941e-01
3.581650866318559778e+00,6.435253365026670780e-01
-1.663408257588866457e+00,-5.723584858495638361e-01
-2.455147705751246523e+00,-3.169574761042428523e-01
-1.758909920403224358e+00,-6.010869114877978037e-01
-1.622283778172379565e+00,-4.715591644720815157e-01
3.419489255533438854e+00,7.495512172180882615e-01
-1.689596856713937667e+00,1.718817263329026623e-01
3.749079987333205910e+00,1.985645355112795496e+00
3.442747878244974746e+00,1.233438847681661121e+00
3.386162772307058422e+00,9.401919150445264828e-01
-1.686672636945772963e+00,-3.110383238874254719e-01
-1.687166380484461436e+00,-3.785316217321930687e-01
-2.400172905320544725e+00,-3.758872527546082698e-01
9.127934250445146613e-01,2.046679181796151159e+00
-1.796275726565758513e+00,-3.400661901041200363e-01
3.386291722283049754e+00,1.093496736701720096e+00
2.922642049415217436e+00,6.277629471466618372e-02
4.966742592260857236e+00,-2.169449032895056195e+00
-1.574747684667937131e+00,-1.941764404977869285e-01
-1.605477248192590967e+00,-4.896276812168000037e-01
-1.746523489357666215e+00,8.173481468380293380e-02
2.344410194459454200e-01,1.839902838233294258e+00
-4.054912230011462060e-01,-2.809037149444403858e-01
3.560889610971457397e+00,-2.331304272912780237e-02
-1.705802286574432225e+00,-1.057987043799865773e-01
-2.626738169481099394e+00,-6.790971654634176957e-01
3.248401375112425882e+00,1.108996782435529127e+00
-1.237527535776645760e+00,-4.595805884056282653e-01
-2.328650063551382488e+00,1.634484765189180358e-02
-1.515454772963610974e+00,-2.766720498147002272e-01
-1.930858614121297112e+00,8.445147620799109411e-01
-2.275902469264398320e+00,3.083937237364535733e-01
3.103305196771978469e+00,1.515720792724212229e+00
-1.746912673209540579e+00,-3.255523721249749536e-01
3.460264178934612911e+00,1.204035039243976479e+00
-2.376821284915991761e+00,-5.463917719318858168e-01
-1.727824093502258629e+00,-3.075549944969385163e-01
5.807515257446755008e+00,-2.783151637683260571e+00
3.304284661542171708e+00,1.156211182028421547e+00
-1.786345003617909155e+00,-4.159898758903111671e-01
-2.159896091284101427e+00,2.487472855661205240e-01
-2.424993835929414310e+00,9.795075191127114445e-02
-2.201996107452203422e+00,2.279920395383345788e-01
-1.959753180591569777e+00,-6.221829358015759093e-01
-1.711406007516098393e+00,-3.888636942530556695e-01
5.760059930085752455e+00,-2.730334470749806286e+00
-1.461662317195938643e+00,-3.688176925779711457e-01
6.739215528568438529e+00,-2.303333070960265960e+00
6.493503131984290633e+00,-2.645722076803326495e+00
-1.729388653154285249e+00,-2.385973485496581392e-01
3.225530059277890604e+00,1.225120360362985661e+00
-1.717665720638274385e+00,-3.266729896121616239e-01
-1.625759445066412345e+00,-2.955812890172047624e-01
6.080235319521946735e+00,-1.739562435096236426e+00
-1.640321853777713557e+00,-2.365801148428515188e-01
-1.758910157296627252e+00,-4.473534063567528030e-01
2.805227761245502993e+00,6.608568255527728086e-01
-2.578840898240680968e+00,-5.164221472881281860e-01
3.564943690635695717e+00,8.927770706416020552e-01
-2.317700717551156586e+00,-4.697208213589024184e-01
-1.804222018698354413e+00,8.009683110569996989e-02
-1.728712140194972102e+00,-4.996853869071904430e-01
3.049271588212127515e+00,-5.883252809589906152e-02
-1.800379077968498054e+00,-4.123738790756140693e-01
-8.090984257568963889e-01,1.835246886154281443e-01
3.366109335401118230e+00,1.176991926144000278e+00
-1.032674898724565749e+00,-2.217592311066844679e-01
-2.322864658812630712e+00,7.158576380179275667e-01
5.695696265011823911e+00,-2.688435343251449616e+00
-1.079505816106471228e+00,-6.643197249652867953e-01
-2.260098890043733988e+00,-5.610299128451116252e-02
-2.153957915835199355e+00,-3.009527369825487630e-01
6.000588040134730683e+00,-1.986752526281109432e+00
-1.828739512502461251e+00,-3.166167788383539849e-01
-1.030766210914482617e+00,-4.104955772873662423e-01
-1.634063396129368018e+00,-3.645175787915423404e-01
-2.398852150313572906e+00,2.951209209191840155e-01
3.087629584641642388e+00,-3.465015139896261975e-01
-1.754075769818647323e+00,-2.828662740001636200e-01
-2.512446570431023041e+00,-1.125116637710622119e-01
-1.141189057363428461e+00,-3.170638916448111910e-01
-2.413882848633874367e+00,-3.941147139387045639e-01
6.510759897920298522e-01,2.183839965636287683e+00
1.196993920120186017e+00,2.364352066333616165e+00
-1.767000809111819892e+00,-2.432433514612405701e-01
2.790299574824849138e+00,3.200101010491361309e-01
3.407660201729809213e+00,1.166049619916124547e+00
-2.199088212471994375e+00,-3.939977626453075032e-01
3.537852874522838587e+00,1.109065901436893542e+00
-1.797024265087063366e+00,-4.955532815826360071e-01
6.924110595069893348e-01,2.492171602483117532e+00
2.866966705258912729e+00,4.174283820821484969e-01
3.412203437938322814e+00,1.326900099709858116e+00
-1.583326785011411664e+00,-3.156528635137242911e-01
-2.357299806237134643e+00,-5.520227269886581745e-01
5.790137986629484423e+00,-2.725452327936196184e+00
-2.170530658367456400e+00,-5.318074884124016077e-03
-1.654074393967958079e+00,-3.750462635338007722e-01
-1.970509289291500377e+00,-3.530425046605620287e-01
5.859933048899203634e+00,-2.756372468054195668e+00
-1.607778745786891506e+00,-3.558262212076158115e-01
3.944224697968877202e-01,2.074948111339119716e+00
-2.466855295344383414e+00,-2.229142368387839468e-01
-2.350133353510651002e+00,-7.872913229236606913e-02
-1.574898878183498718e+00,-2.108618014605873892e-01
-1.577267717969793370e+00,3.856619206877458933e-02
-1.744666080896758231e+00,-6.452232798365397093e-01
-2.192091724391567631e+00,-3.153055553987513249e-01
-1.916828800968846780e+00,4.708591343887711528e-02
5.286032031026478784e+00,-1.220457044474238639e+00
3.425567548799111961e+00,6.742522576326005490e-01
-1.720683972012548857e+00,-2.550296831532458675e-01
-1.721908939386826987e+00,-1.725053082327759613e-01
-1.709811322360889285e+00,-1.017975849140680539e-01
-2.266174246786559987e+00,-3.451178119858161475e-01
-2.340723017304239040e+00,2.676497481814273383e-01
-2.366332817015782464e+00,-2.011472741206426218e-01
-1.798132016539700340e+00,-2.733900153608337935e-01
-1.704703693697149136e+00,-2.709727332456433602e-01
2.985875956449628887e+00,4.014872585784009518e-01
-2.188693895051219585e+00,-2.388159714513536369e-01
3.482079755529694065e+00,4.883651842112170516e-01
-1.078205726488475236e+00,2.150719467423351308e-02
-1.562667230402632113e+00,-4.426709955576123012e-01
5.313230179020338451e-01,2.446946936108342907e+00
-1.667380527869314122e+00,-2.749692294784733537e-01
-2.402934822010768467e+00,1.154081423077201601e-01
-1.749159463203620923e+00,-1.651103370522397640e-01
-2.444637658998709995e+00,-3.252379421809974969e-01
3.366173781865953174e+00,1.030236701370048191e+00
-2.724994713077424358e+00,-2.125442196356888969e-01
2.875040044718324861e+00,3.164446324520982512e-01
-2.354554410821735999e+00,-3.002928442916595886e-01
-2.435741903950586096e+00,-3.253204537541924402e-01
-2.134209922572074980e+00,-5.253493732046556897e-01
2.949640705321946221e+00,4.880125244430422726e-01
3.193467907975521491e+00,1.445354502635937122e+00
-2.218550401118027260e+00,5.680623649269508357e-01
2.776639917930798784e+00,1.168070383915639082e-01
-2.349542332285060819e+00,5.886057435957432471e-01
-1.025768679541361861e+00,-2.467654685906052192e-01
-1.751467698819755281e+00,-2.370959444330458799e-01
3.607731094973872121e+00,6.853449683813461757e-01
-1.527453029824977104e+00,-3.315331621409792207e-01
-1.623731896935031394e+00,-3.875096703804162268e-01
-1.697636983669985611e+00,-4.815844027127452187e-01
-1.699066558618481437e+00,-3.011643986471265189e-01
-1.717334028811538627e+00,-3.124779967606685499e-02
3.408293702538579772e+00,5.412360549394369391e-01
-9.704155580048816621e-01,-3.593295740806684013e-01
-2.195470725636868625e+00,-4.856834053367021786e-01
5.741380961932768479e+00,-2.709889336276738003e+00
-1.883701489194995027e+00,-3.804608606707114427e-01
5.806049601397424098e+00,-2.177626280097131772e+00
3.580787366913581238e+00,6.227812328347631654e-01
6.121987673144303699e+00,-1.807857082065757792e+00
6.251884110050948351e+00,-1.851768996503022846e+00
-2.507256032842515303e+00,-6.617512278207497711e-02
3.434037215135926413e+00,8.398019554001260323e-01
-1.705356447883943583e+00,-1.895209887445726549e-01
-9.150146193461213828e-01,-1.227300968960987615e-01
-1.632297717756562516e+00,-2.406931625169907857e-02
-1.741502454375327247e+00,-4.411758234934140543e-01
-1.573683881123949968e+00,-5.241672411843867341e-01
5.596946374285232118e+00,-2.333025570272439175e+00
2.760350568990161957e+00,1.099752294980681944e+00
-1.670660484412063385e+00,-5.156970100460768480e-02
-9.528487092958017879e-01,-2.970739607561017626e-01
1.112173392860323684e+00,2.264357377591044607e+00
3.538578647821130740e+00,1.793129831480718972e-01
4.126550767483299631e-01,1.829248735014208149e+00
2.827489957589501390e+00,2.698522616736061530e-01
-1.932029683072057580e+00,-2.323997467360396640e-01
-3.263527140311653363e-01,-5.336660979523962789e-01
-1.120398126213494328e+00,-4.014369243490482630e-01
1.069674256760802855e+00,1.712496922328391014e+00
5.803519169998610394e+00,-2.776691740010703846e+00
-2.334197522497997834e+00,3.633085387157076185e-01
-2.418363327814248009e+00,-3.198248667854631244e-01
2.939598937943957324e+00,2.241513968867962503e-01
-1.741256546715394204e+00,-3.291140001706360785e-01
2.954625107027891495e+00,2.885770497212247210e-01
-1.067969305722822781e+00,-5.939701162665931289e-01
-1.662705487602223808e+00,-5.157774818912648218e-01
-2.247068981737572191e+00,1.852485642839741264e-01
2.853185703821353503e+00,6.781952058368085900e-01
3.409959485706855364e+00,1.358352033428498418e+00
-2.316613605051675684e+00,3.194037825927051877e-01
-1.774222136968769181e+00,1.029043585346774758e+00
-1.624369091806423970e+00,-6.532425029895136404e-02
-1.665317151551973573e+00,-4.640096691429599907e-01
-1.716846510112214785e+00,-4.636541074962340359e-01
-1.100379799425138305e+00,-6.691275971475053597e-01
-1.642335813933326394e+00,-9.154794778478091144e-02
-1.461036177546328974e+00,-3.437322700280662224e-02
-2.168684495567045900e+00,9.484446859007860178e-03
5.696392262830081599e+00,-2.654231369051506917e+00
-2.443647753882982165e+00,-2.104886013921744292e-01
-1.600211737645277799e+00,-2.421740999978881370e-01
-2.445487472554369823e+00,1.576401371801325248e-03
3.252106950201782087e+00,1.205733494843542308e+00
-2.334503329541770977e+00,-4.827689706150108395e-01
-2.338991345320617032e+00,-1.226433611334598476e-03
-1.751927266584964560e+00,-4.191789534993717870e-01
-2.346984439668300837e+00,-4.445610275775052633e-01
3.399028199627610825e+00,9.452530381339377952e-01
-2.359139905697202000e+00,-3.041739722023183989e-01
-1.823450636449325923e+00,-1.407910783887735273e-01
1.290197953581365242e+00,3.007850040364091093e+00
5.906161646119354458e+00,-2.799263821330861823e+00
-1.066899032289799543e+00,-1.049993627620163655e-01
5.728008360701679180e+00,-2.759645660884172624e+00
2.646988319368019038e+00,9.409209009176522365e-01
-1.694518533848090813e+00,-3.244354007010226137e-01
-1.763083290241111323e+00,1.838535680516809601e-01
2.762335318249481642e+00,7.666852500482593813e-01
-1.784565043989213118e+00,-7.028202695616622350e-03
-2.723461914289271757e+00,4.743459214575183602e-01
-2.253906139170821721e+00,1.454916790980417263e-01
-2.360921840954135931e+00,-6.331021278972487343e-02
2.660261051170842439e+00,-9.447024675088548651e-02
3.245642512773511346e+00,2.032681884360908242e+00
-1.673800954980426026e+00,-2.602804723798023967e-01
-2.720534365201084714e+00,-5.084681603598989463e-01
2.779863875116798333e+00,1.140618180820158756e+00
-1.440141235301094724e+00,6.412351060911652967e-01
-2.324223533235171946e+00,-4.305166281865318023e-01
-2.805533011290009426e+00,-1.187521482135947826e-01
-9.057282962479609179e-01,-3.883100381036287962e-01
-1.475215457095212512e+00,7.083340454799729180e-01
-9.819720918431892320e-01,3.539942204655812524e-02
-1.652264384088433236e+00,-4.417431866843918309e-01
9.367841192039327858e-01,2.525806047139964150e+00
-1.903665800996164670e+00,-5.921642192555606199e-01
3.574929433709354232e+00,1.118900077402607218e+00
3.346674993238042628e+00,1.313557707881035430e+00
-2.454019124025290211e+00,-3.441978381422577393e-01
-1.670402823966765649e+00,-2.843257017006596832e-01
-2.297148934130312181e+00,-4.588170289679631697e-01
1.131159737361798090e+00,1.799494253059987336e+00
3.394260771826010714e+00,1.042867536974006804e+00
1.016791017558810628e+00,2.171054427237440354e+00
3.473590458992201757e+00,6.215714836343541050e-01
-8.544469814183622836e-01,-4.253391879276573473e-01
-1.739892131132309006e+00,-2.583228386752183803e-01
-2.349361896761252844e+00,5.149872123009179015e-03
-9.828647897225953889e-01,-2.416730284424966069e-01
-1.807202103411853500e+00,-2.472080906162186786e-01
-2.300473860992458874e+00,-4.356907385274850775e-01
1.041804905222446287e+00,1.992660047224246167e+00
-1.310034526578072622e+00,1.049030739281699764e+00
-1.734664945972617778e+00,-2.356907820689071453e-01
-2.197648318071826701e+00,-1.021223139462328205e-01
-1.042320286899431458e+00,-4.462023955880496939e-01
-1.454286835537301315e+00,-5.510471298443849753e-01
2.732022905221577869e+00,5.958813999287810859e-01
-1.894359984174006417e+00,-4.579504355290658357e-01
-1.768055009808730205e+00,-4.474417394875960241e-01
-1.544448313728463917e+00,-2.702049693832307975e-01
6.328552827703830985e+00,-1.791696980116800342e+00
5.696690681294799274e-01,1.724166223362636696e+00
-1.868431039977892283e+00,-3.538112624034956410e-01
-2.331713632159000404e+00,5.334291144020849584e-01
-1.646553572652447395e+00,-1.229272409266451427e-01
-1.800469441758247857e+00,-5.093061828125978741e-01
7.164604648511937457e-01,2.937826304361279117e+00
3.336216788240133457e+00,4.983106522139144068e-01
-1.656552862465348941e+00,-4.491610765098578983e-02
3.303352644460072263e+00,1.068615361183893109e+00
3.281217864687755004e+00,1.259883920540087576e+00
-1.634056797559658714e+00,-3.553979862095357767e-01
-1.608722988304261525e+00,1.903649648061169208e-01
3.429100556820489309e+00,8.686327772378750200e-01
2.870808232862116505e+00,4.814158803476008552e-01
-1.678435003732653863e+00,-4.737812468059987570e-01
-1.720583747909433248e+00,-4.710695616906296901e-01
-1.633230845795044184e+00,3.016600056780163186e-01
-1.935481565134689497e+00,-1.724961759011552909e-01
-1.851036299753642700e+00,-3.264559147469046074e-01
-1.696928991539214948e+00,-2.925464289592457634e-01
-2.116839946162534236e+00,-5.022311620866840021e-02
-1.609402878691907235e+00,-5.589681456723277764e-01
-2.465905824029505311e+00,-1.771260146207721820e-01
-1.885475658428601209e+00,-5.943451227103631052e-01
-1.548679038710619071e+00,3.117890584811603971e-01
6.556856233990064897e-01,2.461996987725612929e+00
3.485471242075228737e+00,7.692180254602021261e-01
6.269541024609371682e+00,-1.888972023692980340e+00
-1.573342839308646379e+00,-8.769101269830842371e-02
-1.666019304311665339e+00,-3.449955323454009792e-02
-2.211990206463278152e+00,2.875074145581332230e-01
-9.866911976296818265e-01,-3.396813598552747004e-01
-1.611449439499329950e+00,-3.641102039999261630e-01
-2.232753174431545862e+00,7.738312349440269744e-02
2.711076410210075505e+00,1.046609638146826615e+00
3.554471610787900193e+00,5.385853251945207365e-01
3.466170796704019619e+00,9.441073534203138218e-01
-2.448826783227290083e+00,-3.564559401526323779e-01
-2.314551020790102775e+00,8.588047944945132253e-03
-2.347691253607894879e+00,3.606784370197264056e-01
-1.773060543626792107e+00,-3.701720228886093977e-01
-2.373290136633610103e+00,1.119464452275993963e-02
-1.484632272453525692e+00,9.067174420231391418e-02
-2.280335487621915735e+00,-1.345585009709001079e-01
5.883404504898813947e+00,-2.166032027239900515e+00
5.826346040904772039e+00,-2.783852379856396553e+00
-3.000919863794997422e+00,9.872389747168429375e-02
3.390505470022793677e+00,1.385944444050430269e+00
-1.945792829301408400e+00,-5.970858429725884875e-01
-2.015296378160424062e+00,-4.734136703909934685e-01
-2.239706827037876824e+00,-3.660379630361599856e-01
5.598865104111331092e+00,-2.664015366501916393e+00
5.608644310950928968e+00,-2.649026654239843293e+00
-2.208684544115242510e+00,2.227467192416736630e-01
-2.373438045878579317e+00,-5.175162100002108634e-01
-1.010776945042008768e+00,-8.789053689084010135e-02
-1.846646603716410207e+00,1.334441562432986950e-01
5.617978859800761837e-01,2.445879407164035957e+00
2.717628251173354936e+00,1.038519041235379525e+00
-1.752552681733381856e+00,-2.515301039601454680e-01
3.383290623661288965e+00,6.302274768542471817e-01
-2.313181422748396887e+00,-1.588057613646247368e-01
-1.683416742834743740e+00,1.685338479673330059e-01
-2.672570975177634534e+00,-5.217448869355827412e-01
2.774027820006939482e+00,6.557018835368223497e-01
-2.511908323502173523e+00,-5.130730225152365653e-01
-2.590994347462225011e+00,-4.986565197848973341e-01
-1.810256138993937336e+00,-4.593692863223082790e-01
-2.337802170170649507e+00,-2.614457975825450475e-01
-9.106216293067872503e-01,-3.545940124898979695e-01
-1.612750903838955807e+00,4.479946876731190075e-01
-2.502368496251410335e+00,-3.458287627022541555e-01
5.899637703447539572e+00,-1.942442671042168278e+00
-1.945502430072709066e+00,-6.272794701160198105e-01
-2.181993831918079163e+00,-1.506368242890579467e-01
-1.068930393443729310e+00,-4.130629775443401264e-01
-1.663365691248067879e+00,-1.740423848882759472e-01
2.865883563431480763e+00,1.788990247454288751e-01
3.551868976893538310e+00,1.563915996021103816e-01
4.847092363244983604e-01,2.099755022175187502e+00
-2.177932708086237845e+00,-1.861824354547087501e-01
-2.352899355829400019e+00,-3.928989522074617380e-01
-1.585754439328792786e+00,-2.830460963041461775e-01
1.195757605788746236e+00,2.298719407478486687e+00
-1.627139561789304967e+00,-2.608764903949573055e-01
2.671738587590608560e+00,4.089970666508228048e-01
3.553846380509497305e+00,4.688865081719054695e-01
-1.845489347091876953e+00,-2.905396349458355676e-01
-2.360042671172466910e+00,-5.125440772313133442e-01
-1.490830539120584497e+00,-2.869968759216494081e-01
-1.166282154737156240e+00,-4.399867853392070982e-01
-1.926875062178512676e+00,-2.560238670243573100e-01
-2.496095858705459136e+00,-2.030137937006675497e-01
-1.548169193331614846e+00,-3.455275684202714359e-01
3.450569216387921578e+00,6.948221523378487197e-01
-1.606971347472802680e+00,3.674817561546990796e-01
3.596799714225147326e+00,8.674299684413051548e-01
-1.085939826872357017e+00,-1.381108781999226542e-01
-2.192402778807298613e+00,-7.932237631318037052e-02
-1.892855539298074374e+00,-2.795439089774320873e-01
6.534968793929875730e+00,-2.777190393326583351e+00
3.408683011526600914e+00,1.132868698391056084e+00
-2.344508054097281580e+00,-3.233468095899713068e-01
-2.230095935193629586e+00,3.065502570721441444e-02
3.057751245149787689e+00,1.253340710660275914e-01
-1.042365553916974497e+00,-5.244595614740283906e-01
-1.510944413842538747e+00,3.604317304018538060e-02
-1.764076482917483979e+00,-3.120334297946850133e-01
-1.681324883380642232e+00,-3.233523421811528020e-02
-2.223077536007707078e+00,4.752782460537998133e-01
3.448534386498623316e+00,1.125355021333991123e+00
3.251911916631995858e+00,1.610708603462767785e+00
2.607112407100424800e+00,5.194067981775405407e-01
-1.101237562596912634e+00,-3.028146176612483975e-02
6.497583762747018099e+00,-2.861981805246926580e+00
-1.810583031217563699e+00,-6.502004308204329952e-01
-2.195802551463854613e+00,6.929032619305202090e-01
-1.047389208032426300e+00,-2.639071987690025933e-01
-1.900388310051238205e+00,-7.038359460841683291e-01
-2.280639527146135492e+00,-6.926104600645695275e-02
-1.787936955940127248e+00,-9.811672310280952769e-02
-1.988024770125707441e+00,1.459144556641726598e-01
-2.597513520439379775e+00,6.701865926661847161e-02
-1.661076419258803005e+00,4.134399190825840398e-01
-1.671573935606549322e+00,-3.486454566540009847e-01
-2.263213556922336167e+00,-1.496310108820192164e-01
5.619208449708420483e-01,2.363973052733260083e+00
-2.439140743891796692e+00,-9.812008077217936053e-02
-2.780872924639085753e+00,7.242582816102156595e-01
3.491703274732545825e+00,5.640844225173249349e-01
-2.315766446151706237e+00,-3.213268475286635284e-01
-2.378932582177325283e+00,2.829876760198394292e-01
-1.733017953987373572e+00,-4.193922579752598634e-01
5.884402069368537269e+00,-2.209714998030383626e+00
3.327547923000721664e+00,1.497584970861629339e+00
-1.616749974895158815e+00,-4.908627397324029085e-01
2.942192410069192743e+00,1.456099290358345566e-01
2.789222197795545366e+00,5.510967616260865620e-01
2.943476770019279432e+00,2.528481845351163160e-01
-1.756988012208849259e+00,-1.355784972023150736e-01
-2.477461976378129815e+00,-4.537274169033073123e-01
3.350656072681849285e+00,6.358942180942694922e-01
3.459887925651751850e+00,1.186295989512639926e+00
-9.680053606655959486e-01,-3.596179421603476478e-01
-1.815883252647358281e+00,-1.659194222295055365e-01
-1.784097784712806334e+00,-2.518668100097626872e-01
2.480343282068886435e+00,1.219226955758164088e+00
3.374312095876686346e+00,1.096345558099729889e+00
3.395407120975286741e+00,1.246714748992101107e+00
2.762549508152432942e+00,9.871565132570893075e-01
-1.876167743869901150e+00,-6.157092081875722434e-01
-1.147567225467391872e+00,-3.997572873143372396e-01
8.409666368811916648e-01,1.428512892001728929e+00
-2.368638312967327852e+00,-3.845999264815018193e-01
-1.595284727353039722e+00,1.905242386091277884e-01
5.833900432087160581e+00,-2.731086292823408979e+00
-9.281209488457301537e-01,-3.953875892417753057e-01
3.388810358745236950e+00,8.164144526125187706e-01
-1.765478243037534423e+00,-4.493882338919885644e-01
-1.076693521266704145e+00,-3.533423406501737252e-01
-2.236464595691729951e+00,-3.207976022875745348e-01
-1.737721937302125541e+00,-1.648536469402802143e-02
3.478656788611609763e+00,1.353808351569344648e+00
-1.679722785801317508e+00,-7.433737432736724493e-01
-1.882516089533147197e+00,-2.936829940019965446e-01
8.966775511096213291e-01,2.039093292230188759e+00
-2.281404489933049451e+00,-3.798964995954404733e-01
5.690578683484488920e+00,-2.755450899201306925e+00
-1.632060098413784521e+00,-3.188584838853618653e-01
-2.237665839920727429e+00,-1.506773683898254661e-02
2.940118193570679939e+00,-1.551110184930038771e-01
3.428117700790849653e+00,3.415747936088097125e-01
-1.860198914113617485e+00,-5.365427963478406337e-01
-1.157529328511501365e+00,-4.207168429402839971e-01
-1.722420211047783312e+00,-3.559003160880686023e-01
-2.266252681276713865e+00,5.854471625886470409e-01
-2.260638066709966587e+00,-6.475492343794948813e-02
-9.422136428450773593e-01,1.511646382157570412e-01
-1.107426961642310248e+00,-6.363175869269740437e-01
2.877319849394583962e+00,1.380772597327331042e-01
3.349452479799703397e+00,1.163734518686629249e+00
-1.674509736293397388e+00,5.336065953258308792e-01
-1.880606024824933664e+00,-3.937118440915279294e-01
3.298991803205203244e+00,1.221196456479987758e+00
-1.037479567474172804e+00,-4.025063505546934706e-01
3.398317388560929242e+00,6.121227619526351527e-01
-1.077471874257938333e+00,-2.811693144685865620e-01
5.436513902202365855e+00,-2.468246588873204139e+00
-1.777202018026722063e+00,-4.818826226249418587e-01
9.261928523352603859e-01,2.044234945691607130e+00
-1.517493408211707306e+00,3.040068293004601352e-01
3.276143908652024539e+00,1.193869636445439308e+00
-2.665467514329344367e-01,-1.605780191268610102e-01
-2.372622990895370432e+00,-1.643103545551427291e-01
-1.689354189882654289e+00,1.741599890067669354e-01
-1.748830488717616705e+00,-2.164655549498750373e-02
3.056030878407052676e+00,1.593629222149866465e+00
-1.092851833801890882e+00,-4.441131696140309115e-01
-2.281866683233007898e+00,-2.375756247463187421e-01
2.742181986985816611e+00,7.505657460724043384e-01
-2.384393017381453816e+00,-2.688354669724234980e-01
-9.307037818012381392e-01,-2.970543825283547545e-01
3.580590529805064648e+00,8.886944400042903203e-01
-1.622673334743822915e+00,-3.124880686457792156e-01
-2.194317036149749711e+00,1.306618894380784102e-01
3.440047687650045205e+00,1.355738291732284440e+00
3.482821263492166697e+00,1.096788347150724929e+00
-1.658168761791540602e+00,3.708172585139405397e-01
2.736220208068817605e+00,6.998921099986528116e-01
-2.279264774815152883e+00,1.233870452807316331e-01
-2.623378811078198591e+00,7.657072105125910522e-01
-2.214501471552415612e+00,-2.740621177256886698e-01
-2.365462473450036462e+00,-6.095674921306021982e-02
3.079965213706711058e+00,-7.286995470737749059e-02
4.576454329750148098e-01,1.839698868711943991e+00
-1.746566607379897107e+00,-5.791927594084088637e-01
-1.600403560638882006e+00,-3.556925055448714734e-01
-1.836105693810674344e+00,-3.537586351877833324e-01
-1.575181450219974577e+00,-3.740867349944023701e-01
-2.267067009357326413e+00,1.997064567226129184e-01
-1.526196740023873177e+00,-1.267296140834170137e-01
-2.336305196704005382e+00,1.366421201785684124e-02
3.602554940095656466e+00,2.013613666670088787e+00
3.457177569699894537e+00,5.226049685592338845e-01
-1.111423062364012226e+00,-1.611087646486498159e-01
3.465987515871094438e+00,5.997967108580682938e-01
-1.787014080071825273e+00,-2.027273129923410078e-01
-2.534462604041374245e+00,-4.646514807574239070e-01
3.265299069940792442e+00,1.784816005784636284e+00
3.270003811668166449e+00,1.088291500617983409e+00
9.216440379779199388e-01,2.039331854626509344e+00
-2.197780768846842925e+00,-9.610445433402751980e-02
-1.665505469453917087e+00,-6.413243708344489313e-01
-1.764235023440185790e+00,-3.697530845896201401e-01
3.494505087865470649e+00,8.045090479762995184e-01
2.939853592469992005e+00,2.496332548792836725e-01
-1.788283147457244704e+00,-3.080922607841001248e-01
-1.664659816168672979e+00,-4.801605848246182084e-01
-9.819850109792924719e-01,-5.298946116925875582e-01
-1.681671638566164750e+00,-3.668401067021003215e-01
-2.360917877265908960e+00,5.444425337707367585e-02
-1.748690297392502258e+00,-1.828981367326235896e-01
-2.037005503918627447e+00,-3.519339649438804063e-01
-2.475498203951436604e+00,-3.571942807952636079e-01
-1.786345047802190944e+00,-4.053353607884963017e-01
-2.131190216390547398e+00,7.013141924900355706e-01
-2.540098631780858263e+00,-7.281959035687811665e-01
-1.669152228215234901e+00,-6.699661120690599825e-01
-1.681420831446277520e+00,-3.268242126711916051e-01
-1.655163609029529415e+00,-1.037815003099339523e-01
-1.633186397514973187e+00,-6.348102898323539911e-01
-2.269260220672612682e+00,4.460722884024258955e-02
-1.896461572959184494e+00,-7.589324125291128931e-02
-2.374290103026067023e+00,-1.302425656857811032e-01
3.480541952564351060e+00,6.149160159734764486e-01
-2.330538120044899131e+00,-5.309670125814370395e-02
-2.159967383700681365e-01,-5.462002490992490245e-01
2.760201511383467921e+00,7.757123765409774663e-01
-1.582906830097203565e+00,-3.146439398541963084e-01
-2.372692733817777899e+00,5.770404109342848198e-01
-1.525841173264648853e+00,-4.454105668116106753e-01
2.818844159440047736e+00,3.837668271416986854e-01
-1.587182994231179700e+00,-1.712805659758232235e-01
-2.191419463590444483e+00,1.251519834836972156e-01
6.775435057472073419e-01,2.549874521561774188e+00
-1.624292611599052139e+00,1.444207912992520604e-01
-1.690101268261347212e+00,-2.135641127257128236e-01
-1.002994473394621000e+00,-2.333602244935246706e-01
-2.224895416248262592e+00,9.981310349548429273e-02
3.355744079200382313e+00,1.341327810537389364e+00
-1.055992874336778353e+00,-3.159384763960034204e-01
-1.788852578687529338e+00,-2.812854133138006918e-01
-2.326563281317814535e+00,-2.939814825976806711e-02
-1.742046408237243327e+00,-3.178195812736353543e-01
-1.011037005542554601e+00,-2.929998359991610735e-01
2.957148547249370818e+00,4.380044029698001995e-01
-1.888919576958454583e+00,-2.731411250646451627e-01
-2.293291256681982748e+00,7.245954086511887660e-01
-1.766012890421576165e+00,-5.759425187590682116e-01
-1.694851087309577897e+00,-1.451002145649898378e-01
-2.815797262348874952e+00,-4.513869437913696214e-01
-1.712849226176495376e+00,1.840254338974176840e-01
-1.838368912602853067e+00,-3.669393177420409713e-01
-2.149228824291040230e+00,-8.249429964611924015e-01
-1.701096091287753076e+00,-1.022067589967791956e-01
-1.988473792569400489e+00,-4.187147456785503818e-01
-1.833498454203931427e+00,-3.243965857336955083e-01
-2.313982681141798281e+00,-3.906817475678102114e-01
5.689596048048843002e+00,-2.692831571930637047e+00
-1.815723734596017547e+00,-4.344562119586287130e-01
-1.639234343118008308e+00,-1.383785805978418049e-01
-2.010659506579332234e+00,-4.167287842203531989e-01
-2.555501704211138314e+00,-2.444755090123682251e-01
3.265908386370898420e+00,1.563179884227413385e+00
-1.064126067813863097e+00,-4.915192880225862093e-01
-1.635753533095625656e+00,-6.432255777381929995e-01
-2.290691652839369041e+00,-1.448532853034790735e-01
-1.032471809139741570e+00,-2.502493894717613965e-01
-1.084392022206887907e+00,-2.871655063083087822e-01
-2.484961534247729809e+00,-1.558282932626073036e-01
3.278348534847828066e+00,1.222464124284037279e+00
5.784992637726928066e+00,-2.805000637388449736e+00
3.402643532088496681e+00,1.328969562648934843e+00
6.136206827947315645e+00,-1.784545212603988240e+00
-1.742160891466661532e+00,7.153654103214607263e-02
-2.344542120617203906e+00,-4.334717750364516786e-01
3.558474522482855118e+00,1.015915080870224418e+00
-1.847572656586109696e+00,-4.803154323973287676e-01
5.651971189063176304e+00,-2.638286877803176278e+00
1.064955477556564167e+00,2.255260809578405468e+00
-4.569979936034418988e-01,-5.022273515276018951e-01
5.821103289275880499e+00,-2.807593372228276873e+00
-1.569607505269658088e+00,-2.785841671706865141e-01
-1.559343887386445138e+00,-4.559917383416404735e-01
3.049123511759360916e+00,-5.026285390579289247e-01
-1.761585853033418081e+00,-1.832506973785049953e-01
5.085411436869204493e+00,-1.550825457513186789e+00
3.421878031834255651e+00,8.533157798029017416e-01
-2.202865765118235064e+00,-4.196644478880395823e-01
-1.723870547542306841e+00,-2.452723348729770603e-01
-1.575334501448183433e+00,-1.427176417148547649e-01
-1.577260841258184110e+00,4.274937242654312103e-02
-1.697828279804104001e+00,-5.237497868859567474e-01
-9.875943876730440829e-01,1.830114876551438563e-01
-2.002901161499472948e+00,-4.459552793137035454e-01
-1.146825652209715773e+00,-1.877644205962669399e-01
3.549422058231685551e+00,4.544259122022666353e-01
-1.796161492860563369e+00,5.163361101287743810e-02
-2.270159828720747619e+00,1.156403665582952794e-01
3.568231369266588349e+00,5.627678518415217823e-01
6.742089853704454683e+00,-2.487534834309706344e+00
5.718497405213339491e+00,-2.092553495120361706e+00
2.591492471689342825e-01,1.935882679069460099e+00
-1.631803131319111033e+00,-6.344325498742476865e-01
2.800619924933085425e+00,7.433221982103205283e-01
-2.419410007690399933e+00,-7.058522046016996176e-01
-1.972244700199296430e+00,-3.298219484922864653e-01
-1.733990352806762392e+00,-1.132515348603868321e-01
3.367278297479172622e+00,1.221319152373804284e+00
-1.409626563608251892e+00,3.124877516384838017e-01
3.475126335659789678e+00,1.067826278386738936e+00
-2.485812018484728547e+00,-4.597785072265312412e-01
5.737373575846558715e+00,-2.611995493623928244e+00
3.299294180375021757e+00,1.156030432863315971e+00
3.637702476366395654e+00,7.770091329783520573e-01
3.557467480245732894e+00,7.377026184740511638e-01
-1.743610362925763990e+00,-3.636315981985606127e-01
3.518316653846947251e+00,3.821600655402536684e-01
-2.397082086967690540e+00,-3.769554379105389263e-01
3.663109628163511822e+00,1.166717874079805511e-01
-1.089351199844327489e+00,-2.404477460293823476e-01
-1.655067799397579975e+00,1.825040839133397763e-01
-2.251886796782069489e+00,-4.948183196716050003e-01
-1.801380504921884285e+00,-2.677956879747063756e-01
3.447087080381018076e+00,8.022368691398306106e-01
-2.259829170619823913e+00,-1.788333769229380477e-01
-2.455145373378778029e+00,-5.105250496323258114e-01
6.693758642442961815e+00,-2.747932913119661702e+00
-1.536281884823320842e+00,-4.117756861512060218e-01
-1.565005878434241993e+00,-4.717576867316970457e-01
6.542420543350302431e+00,-2.524273097603258353e+00
5.823268483829561859e+00,-2.806169215534503714e+00
2.797914520860400600e+00,8.003003535205888141e-01
-1.102419271032240022e+00,-2.300437935681000634e-01
-1.845619603962747934e+00,-6.902354057658345310e-01
-2.322490830968385822e+00,-6.090388113792915004e-01
-1.893596894241183493e-01,1.597780203570047908e+00
2.917029447280419241e+00,3.901223065990254146e-01
-1.840910383133192774e+00,-1.222467488591846285e-01
3.505831249060025190e+00,3.528962092161985753e-01
-8.515032789191265827e-01,-6.047750083531797105e-03
6.813093976334343438e+00,-2.675643665299031415e+00
-1.778757075034535617e+00,-1.807194030834890497e-01
-4.668291359676005059e-01,-5.670984071345359645e-01
-1.811588588265411470e+00,-7.269484745266399095e-01
-2.173424180712876908e+00,-1.568005359321551495e-01
-2.323347068526586234e+00,-4.038982441073054597e-01
5.333980122792524980e+00,-1.336167546112311477e+00
-2.490071367617937792e+00,-4.223648489619659663e-01
-1.647670665282099600e+00,-6.326957297007633763e-01
-2.443505620788789301e+00,-5.056957388487580696e-01
5.547102623698309642e+00,-2.580577123854048693e+00
-2.361268770017904028e+00,9.015479785657699863e-02
3.364716032558173975e+00,1.222351328309531082e+00
-1.698939686209714806e+00,-5.977512247291488778e-01
-1.727073482344681166e+00,-4.090324556332740058e-01
-2.402114121844457273e+00,-4.733459963416369876e-01
-2.140151823527374209e+00,-5.982423855504163251e-02
-1.598334402719534086e+00,-2.967178551632035921e-01
3.705049366661501864e+00,1.564781315580114462e+00
3.262990684468340508e+00,1.119818559461305485e+00
-1.910692085695604892e+00,-5.210201413226989153e-01
-1.168276861663590793e+00,-2.415486017502004312e-01
-1.608291902713559818e+00,-4.356294191734738086e-01
-2.100685362517592303e+00,-1.777285602065128423e-01
3.402228132738911004e+00,2.064732238128422992e+00
-1.802996245627064731e+00,-5.423917294062543526e-01
2.919483045235678365e+00,4.826694659041355639e-01
-1.920201689723091132e+00,-1.525166129563876594e-01
3.393276071977530339e+00,1.145224200327144670e+00
-1.610464973614515349e+00,-4.551408563049573752e-01
-1.874324775291084322e+00,-2.847522530339419156e-01
-1.826493687822739354e+00,-1.329839504570481390e-01
-1.791509655141599211e+00,-4.822797797899814887e-01
-2.458318607972181269e+00,-3.294306320300023905e-01
9.544005499175876039e-01,2.038149092339393675e+00
5.672517966924417898e+00,-2.727304547959942482e+00
3.469652365199884514e+00,1.160077976324203508e+00
6.334121672697121674e+00,-2.991561490230170151e+00
-2.453430413198846249e+00,-3.961921830551292656e-01
5.761021226488364455e+00,-2.129062850029538545e+00
-1.566417486278561810e+00,4.325328357340719326e-02
-1.692738856393608771e+00,-5.093394931552996940e-01
-1.025488171533002424e+00,-2.732369089475068513e-01
-1.725334894838172817e+00,-3.903723088658647145e-01
-2.484736302166875799e+00,-3.822524981373905395e-01
4.896551196561999553e-01,2.485731885117148376e+00
3.238403094725662790e+00,9.657291878051255107e-01
-9.449089207983334404e-01,-2.779370602854896455e-01
3.330037510731617356e+00,1.127123473272242160e+00
-1.674068901982788127e+00,-2.104139093954688344e-01
-2.243423811415782065e+00,-2.582776563803441672e-01
-1.558036888329449310e+00,-4.548558899880233986e-01
-1.626344471058603025e+00,-2.466314370182010607e-01
-1.876698050982108956e+00,-4.902161879471791384e-01
-1.825158065034695909e+00,-4.040638060254402308e-01
-2.427812954121989275e+00,6.982854867357189965e-01
-2.423271854091344935e+00,-2.874282774628532655e-01
-1.743759293089792939e+00,-2.900745534392737968e-01
-1.683444945512457158e+00,9.809736964615117794e-02
7.976369663365123763e-01,2.430483153249363149e+00
-1.648646016642278944e+00,-2.476205852507594174e-01
-1.750951551067850831e+00,7.109555571200348867e-02
3.234921559409054126e+00,9.709010397909357826e-01
-1.882007455725567269e+00,-4.315825260025302756e-01
9.590324612636785817e-01,2.004119145270005120e+00
6.001177543856466734e+00,-1.783447830631240905e+00
-1.833264615122938590e+00,-2.793063812080383568e-01
-1.066070383623503037e+00,-3.099683719063809906e-01
3.380491721963410523e+00,1.154300352716834288e+00
-2.667166569295066125e+00,-1.548894928404308258e-01
3.373969024446769716e+00,8.019692092289087970e-01
3.359599947430041311e+00,1.307766430227395693e+00
2.753100305513289214e+00,1.621307178698752072e-01
3.596931095292482006e+00,1.449615976773199977e+00
6.453240104109241315e+00,-2.975189244494040874e+00
-1.563766803206137368e+00,-5.969724370934246238e-01
-1.766695042359938350e+00,2.944419396476196694e-03
-1.767885483849962247e+00,-1.414601182525947742e-01
-2.116076342524168652e+00,-4.098885225602629245e-01
5.205239941371262447e-01,2.585924733789996655e+00
6.477706586641395425e+00,-2.462305031875141381e+00
3.302896289908957339e+00,1.160450898896728145e+00
-1.515784074616695953e+00,-4.146784536420015099e-01
3.257889796881600297e+00,1.213806450354494304e+00
-2.410718578208300933e+00,-5.521202044475568282e-01
-1.814714695254272314e+00,-2.871836903902905691e-01
-1.871299000379821553e+00,-4.561912376453033935e-01
-1.544021561273554610e+00,3.056977777338645286e-01
-2.490792072879751906e+00,-3.415695483272800925e-01
3.576654212293199908e+00,7.959456154397138716e-01
-1.602299937496223903e+00,-5.868302748495364540e-02
-2.338867098744798589e+00,-2.416730104808068047e-01
6.481625032578667067e+00,-2.542695675237466535e+00
-1.772866158604529785e+00,-2.798234806034761712e-01
-1.758494608314311813e+00,-3.380325732515128689e-01
-1.478216449092089047e+00,6.469915194319428298e-02
-1.747740279413773301e+00,-5.626572422170303400e-02
-1.797603812073204299e+00,-3.995118281863576093e-01
-1.544498551716202650e+00,3.417735973408068118e-01
6.147440407357965819e-01,1.831461810495806697e+00
6.383102047180752692e+00,-2.971058920248947910e+00
3.328210383085476121e+00,1.360912310012890591e+00
-7.928025316013944668e-01,-1.933143441995822942e-01
2.714402872345789586e+00,-2.004397420249235187e-02
3.119400299398766840e+00,-2.361986393833358511e-01
-1.977227345947977888e+00,-6.141924321704419487e-01
-1.092708536664972030e+00,-3.353804120138120792e-01
2.705863793680952867e+00,-6.427516472866223740e-02
-2.593084574409803444e+00,-3.286335484505374382e-01
-2.393772374018569682e+00,-6.093444815975338491e-01
3.423510625834353061e+00,1.577931367391450124e+00
5.859282110492078033e+00,-2.851029719337905277e+00
2.906649396036644628e+00,3.785950078077889858e-01
3.490767173125692402e+00,9.974515087298104765e-01
-1.885550377356340901e+00,1.104616715442865993e-01
3.205218584088465938e+00,1.116774260057878942e+00
-9.953816643458565094e-01,-4.882737949957259294e-01
-1.829918516481386703e+00,-3.330976416590062383e-01
3.379780774885357442e+00,1.346514703045364358e+00
2.882020089795834572e+00,2.132246941842970145e-01
-2.414361687966633863e+00,3.532405094079315577e-01
-3.034203616123470670e+00,-1.239906024611184543e-01
3.535941719777501380e+00,1.156943234210232374e+00
3.480849896061345206e+00,1.136597995087569757e+00
3.443905261320496791e+00,4.639326826704839313e-01
-2.245869530645340451e+00,3.250555784242602497e-01
3.361439120311559225e+00,9.171209609685512243e-01
-9.551354157970509684e-01,-3.965308172145616816e-01
-2.167822364138765501e+00,6.992856307371982938e-01
9.950072068504299816e-01,1.835637615799809330e+00
-1.828710721243154147e+00,-2.734367755460315186e-01
6.240276139275171552e+00,-1.892372849900054055e+00
-9.541987033528290807e-01,-1.604335253147803619e-01
3.449401902734495096e+00,9.793236284777434575e-01
-2.588418343147535161e+00,-1.708082708960809715e-01
-1.103055618440792696e+00,-6.258255505073729852e-01
3.030930605605963724e+00,1.523769102215109639e+00
-2.475466985566504796e+00,4.142158404015086615e-01
3.482182925555307396e+00,1.523618309349435318e+00
-2.440813058800996860e+00,-3.711592921730489936e-01
5.963138905229758535e+00,-1.986452552601063903e+00
6.719969699250762929e+00,-2.382566843816578128e+00
-1.608480190362282292e+00,-2.721808475328490462e-01
5.566838703000256849e+00,-2.413428829104285356e+00
3.364950407985597636e+00,1.098860418114950832e+00
6.506690393816865203e+00,-2.336336591621760661e+00
6.120126623340005345e-01,1.830860363178190786e+00
-1.748841427880305943e+00,-1.373248666303009680e-01
-1.129879973535628412e+00,-3.812506450830286941e-01
1.283884475570753469e+00,2.225677428748292552e+00
-9.751264424417148691e-01,-5.057093934634481203e-01
5.388457544994447623e+00,-1.384886450585807172e+00
-1.557678469189535120e+00,6.972658763280155103e-01
3.386076019819610039e+00,1.504012660422444192e+00
-2.352676894194210000e+00,-2.876981425239533707e-01
-2.261486646990926719e+00,3.354158684376813415e-01
-1.625597810598367499e+00,-2.733270983213482164e-01
-1.665371825005813156e+00,-1.239778712031716773e-01
3.320677695892832126e+00,1.105431063006598436e+00
2.759799405751977908e+00,4.729199305616109128e-01
-1.749853936007897737e+00,-1.934320336736324308e-01
-1.717744399445203074e+00,1.647030730300869661e-01
-1.662490493889690946e+00,-5.662389954574750250e-01
1.056475387714998160e+00,1.584340793497739819e+00
-1.659562117203764009e+00,2.056298423401934083e-01
3.494898491368859439e+00,6.109989630572514319e-01
-1.645876497531171267e+00,2.641829732582946511e-01
3.373885177939168312e+00,5.190021894258773916e-01
-2.671557599960260099e+00,-4.328711646628453091e-01
-2.225037487427468541e+00,-4.281820624207449688e-01
3.403765464246358619e+00,7.827475550296133511e-01
5.660174075353645584e+00,-2.700594726330047379e+00
-2.223409531943640882e+00,3.565379111400678869e-01
-1.705573872496733756e+00,-2.880651369985869903e-01
-2.045064492055620242e+00,-5.114605221172964233e-01
-2.404014864935758222e+00,1.809955648511059056e-01
3.346360950777303778e+00,1.339506424386766259e+00
1.402274997403507584e+00,2.514316796577124702e+00
-1.678965401436558924e+00,-6.331739173887248606e-01
9.912289447845097357e-01,2.983782003171763009e+00
-3.095748775072205028e+00,-1.447083972376563277e-01
3.346394585875799077e+00,1.524359774351249586e+00
3.388862417976683084e+00,1.239677747022134069e+00
-1.668213023707992626e+00,-5.473644628816671798e-01
5.479019300908921641e-01,2.516977267604751933e+00
-1.784356887440226913e+00,-4.904696732272097459e-01
-2.237721312951145514e+00,-4.159960187928020137e-01
-2.352699347218664805e+00,-3.938917452028822819e-01
5.415225289513675655e+00,-1.428947068430561185e+00
-2.310843409818101879e+00,-1.542430900928024318e-01
-1.829612701838922773e+00,-1.700557285675970420e-01
-2.318013246521865689e+00,-5.804091574678592602e-01
-1.049766200351019751e+00,-5.645330080031125686e-01
-1.162481606358520603e+00,-3.599489615046539415e-01
9.364172145843835393e-02,2.071441312480204022e+00
7.999494186299704879e-01,2.014591954541373298e+00
-2.292163377861462070e+00,-4.200475278161362458e-01
-2.223848272292468398e+00,8.551099303582686273e-02
-1.678582995191511218e+00,-7.037488320291851451e-01
3.494840114028905820e+00,4.222132435331811262e-01
3.336827867950703741e+00,1.033073794308031923e+00
-1.649812349656623267e+00,-3.109094655509569427e-01
2.885334946407597023e+00,3.849305067511409328e-01
-1.925033070743607855e+00,-6.736056467640679779e-01
-1.765464326608850776e+00,-6.528756706594265324e-01
-1.576674729060106639e+00,-1.708159026580785278e-01
3.317066521130929591e+00,1.455252455647797039e+00
3.297969313195332042e+00,1.156649634007057115e+00
-2.532780869641929389e+00,-2.083236880995917306e-01
5.603646731857934160e-01,2.432118864901315902e+00
-1.605963973189096006e+00,2.035990719194932796e-02
-1.136682329056698748e+00,-2.467333108723114288e-01
-2.318716625167977163e+00,-6.989412091749717948e-02
3.433711114798884356e+00,8.792672537916731423e-01
-1.646046120394761392e+00,1.133443113983359785e-01
3.038300550446065618e+00,1.664598572720476399e+00
3.510143103370221951e+00,3.833957934027691916e-01
-8.630937159094624889e-01,1.048158512212390647e+00
-2.271121968063396501e+00,-1.395939753077344025e-01
2.959100868768427706e+00,4.767706296718946524e-01
3.248196752081324856e+00,1.427475020248470949e+00
-1.710246593124964187e+00,-2.541285523483252651e-02
-2.244709275621738165e+00,3.350008918646933953e-01
2.708812023690196025e+00,6.817645529027974716e-01
-1.644269398858832387e+00,-1.040951256170674910e-01
-2.321523391103814671e+00,2.937740018235661388e-02
-1.693107939826446362e+00,9.138744930184354576e-02
5.312378169321677612e-01,1.817629825395322918e+00
-1.899665465157168498e+00,5.864845805489991015e-01
-1.720618804076473607e+00,-1.674543933388571160e-01
-2.407868337681449589e+00,1.875102352208683765e-01
3.477576810227775095e+00,9.507470883745007262e-01
-1.105021259245908105e+00,-5.512326236508573452e-01
3.227857527669307114e+00,9.272819678800632293e-01
-1.735520723891391004e+00,-2.105663272792219487e-01
3.292707794706334123e+00,1.125083976589211776e+00
-2.401352000769237716e+00,-6.406670343449895055e-01
3.073925844982758004e+00,1.504451598475434526e+00
-2.150370332587537625e+00,6.581163990348656290e-01
-1.774179115724891842e+00,-1.431396176300306911e-01
3.340887386739034071e+00,1.113409390666195931e+00
8.211935149809254098e-01,2.842602808341756049e+00
5.040286368997924926e-01,1.661739014516064872e+00
-1.712593474245765579e+00,-6.260296961113859249e-01
-1.330905954466395702e+00,9.312971092839111842e-01
5.912254486469678660e+00,-2.060944470350371649e+00
-2.356416349521950782e+00,4.032704899307559820e-02
-1.695107417214637868e+00,-5.782821215569760032e-01
2.868339006289158277e+00,3.161409584778383797e-02
-1.871234786173693321e+00,-3.619256538691411063e-01
-2.196746939927971987e+00,-2.238082074013834077e-01
-2.185235617879258019e+00,6.321165999070883501e-01
-1.658026276721779935e+00,-3.243405979678608275e-02
-1.090431869985077018e+00,-2.845736660223002201e-01
-1.757833814246509307e+00,-6.155150584931631252e-01
-2.461264767789398622e+00,-6.125436278280657065e-01
-1.753985140072149340e+00,-2.576283837176944758e-01
2.290189832663887870e+00,-2.031027879882724152e-01
3.401077599908863824e+00,2.147639438273252210e+00
5.701084358636386185e+00,-2.769342642135073973e+00
3.445610181577203779e+00,7.089916727064259350e-01
-1.130734379321959748e+00,-4.414621269380720747e-01
-1.729576911297164621e+00,-2.802503910413741139e-01
-2.321289126650249557e+00,-3.716629898229399931e-01
-2.319826574860280211e+00,-2.544075899696167098e-01
-2.679719706090327946e+00,-3.572236102192894447e-01
-1.754230367693841997e+00,-2.508390438900951480e-01
5.740484315667927717e+00,-2.707395132148593397e+00
5.592672380208482785e+00,-2.289163497578805551e+00
-2.335895260695612041e+00,-3.866677020913834584e-01
3.443605000011856543e+00,6.376933132207383004e-01
6.614942942800627890e+00,-2.551107049938189597e+00
-1.669355876693695562e+00,-2.548632927121153302e-01
2.808490721121124079e+00,6.697803100273458377e-01
-1.786800767813641277e+00,-3.130621153747010221e-01
2.749994296235691138e+00,7.448340823766981256e-01
-2.017920563067406636e+00,-1.174616139933404857e-01
-1.795519128710963308e+00,-4.151592006525432477e-01
2.869760110739163927e+00,7.954081081776446238e-01
3.391151692262758033e+00,1.208454627503292134e+00
-2.562956826809577038e+00,-2.004544329514287848e-01
6.093321750522031621e+00,-1.866169789007456448e+00
-1.095752836535873520e+00,-3.069226669928103446e-01
2.805192134101363255e+00,3.859324909424817762e-01
-2.665693621960248283e+00,-4.157250024373218000e-01
3.471884723031382070e+00,1.412900169445187037e+00
-9.935575938622441816e-01,-2.827194150155132313e-01
3.417001091714477745e+00,9.991867576529530615e-01
-1.516423576586112709e+00,4.395515030564735998e-02
-2.377135373104841243e+00,8.449854958080221801e-02
-1.676027964248587576e+00,-4.751658600484175432e-01
-1.718614322147282047e+00,-2.161007139244325581e-01
3.273034284837454511e+00,1.198704215537469198e+00
-1.753345655911041412e+00,-4.116193723944643890e-01
-1.746012755929723825e+00,-5.251245844483697356e-01
-1.502792342354565491e+00,-4.405598721668871343e-01
-1.061829674887215136e+00,-3.013731396304208388e-01
-9.384323005056596223e-01,1.858772357668662112e-01
-1.885396778267833140e+00,-4.891177764908421488e-01
4.903919885560430458e+00,-2.156583116093568009e+00
-2.357163110440908316e+00,-3.075606067564943258e-01
3.424379991505728693e+00,1.357704743909716294e+00
3.375758489579858246e+00,1.215764686827233154e+00
3.467715496515141105e+00,7.373900694113538767e-01
6.457184017922343422e+00,-2.528045675866740449e+00
3.308638224918699855e+00,1.809312102101406472e+00
-2.519548116844555707e+00,-1.215337399297516663e-01
6.117474747435119653e+00,-2.888852531223457643e+00
-1.512483817058162705e+00,-4.336939365943775493e-01
3.544836572059794744e+00,4.176318558256251201e-01
-2.257211595516924074e+00,-3.577497966201346191e-01
3.472882586702389140e+00,1.616175914217295118e+00
-1.795209190951009059e+00,3.212126425559861526e-02
2.800323464679829399e+00,5.065597808040450678e-01
-1.062587554027516923e+00,-4.918391841856202817e-01
-2.369843029604733697e+00,-3.064488343469068399e-01
-1.743129291383207269e+00,9.399067857386987244e-04
3.263232830089990877e+00,1.277916482075489135e+00
-1.626074740399950924e+00,-5.475873255777353732e-01
-2.770707712995600147e+00,2.657883175628987515e-02
-9.157158898892991949e-01,3.030707290901995532e-01
5.774439387635376342e+00,-2.733653784872954517e+00
-1.652548267801344117e+00,-8.733563235964726668e-02
-1.930137859723624949e+00,-5.310138661617850309e-01
-1.912153236337419626e+00,-3.490493316441810601e-01
2.770222671915082646e+00,1.050825884456112691e+00
-2.326576110920056895e+00,1.664797871356780701e-01
-2.194720260705480985e+00,-4.793171159458436414e-01
-1.605815706477635274e+00,-6.802840994246396600e-02
3.067861414914290208e+00,2.043096924590177110e+00
-2.535832051912655150e+00,-3.796272406312466985e-01
3.396954691490771783e+00,1.094636039412821171e+00
-2.287055661043627897e+00,-1.209532534550229327e-01
5.636560759234707341e+00,-2.579938957114892961e+00
3.557910820439057709e+00,1.784606726895767048e+00
-1.847405047267576705e+00,-6.223781719280779834e-01
3.377482156306416350e+00,1.297370868194769322e+00
-1.700910426725814606e+00,-2.328909716242857642e-01
5.506939274764399705e+00,-2.596192881441158562e+00
-1.734105497020137721e+00,-3.094537311029018842e-02
-2.320128010225388060e+00,-2.782854972823475825e-01
-1.828353221246143301e+00,-3.309185707383976993e-01
-1.809256559528180874e+00,1.713229178771386307e-01
-1.753136114092039399e+00,-3.310003036372193841e-01
2.627257854872299681e-01,2.114047685325709303e+00
-1.616501307050692615e+00,1.673147574980543284e-01
3.394588614675358773e+00,1.412308594922355054e+00
-1.924848152539842427e+00,-3.100384776824767208e-01
-1.598871903194182931e+00,-1.762003866710230016e-01
5.962562906887825420e+00,-2.108515062518409255e+00
-1.640744736164466033e+00,-1.680555715374577319e-01
-1.720669508004343262e+00,-1.626017311522388875e-01
-2.466692003783640619e+00,-6.133947123050867978e-01
-2.308157988178629161e+00,-1.998955726270905120e-01
-2.404647650336560805e+00,-5.134042030943049006e-01
-1.804144439724625570e+00,-4.323107254909068220e-01
-2.320925877905712920e+00,2.358362455770495747e-01
-1.592737050638893370e+00,-2.013520500099407473e-01
2.818574360960206970e+00,2.875427646022731265e-01
3.414574066200374958e+00,1.364465680175603213e+00
-1.677198641609381813e+00,-3.796610279895957785e-01
-1.724810421556095319e+00,-1.291700666897713512e-01
5.734371453181347000e+00,-2.760716310239180071e+00
3.334460664862458845e+00,1.479288779590034686e+00
-1.927692175535621555e+00,-2.430426448526487870e-01
-1.735086168453251920e+00,-7.233139599153906030e-01
-2.297274307979727315e+00,4.297536809041997974e-01
-2.661674315374864097e+00,-2.248900866509147001e-01
-1.785822215318670247e+00,-1.977198242206110734e-01
9.094082351645175200e-01,2.565780441625327590e+00
3.831623478645728387e+00,1.589958440929297723e+00
-1.925643376745948654e+00,-2.429597101087910827e-01
-1.824112375305401157e+00,-1.589558602493775785e-01
-1.639138662595458706e+00,5.312134859730647390e-02
3.546024062814623345e+00,7.620764879006169945e-01
-1.670151710632763686e+00,5.445415868401978082e-02
-2.207566928937789719e+00,1.860758207804042580e-02
2.801313965943178719e+00,5.861032341996917916e-01
-7.678349623994966677e-01,7.541329680871013963e-01
-2.249312561314434245e+00,9.542459818515237890e-02
-1.702656738474735754e+00,8.008056329668529483e-02
3.557181525715183312e+00,8.508781994498978429e-01
-2.464188410487870406e+00,-4.339455022221443969e-01
-2.378602650342871438e+00,-4.019897676878305126e-01
2.776698170246115538e+00,5.273572527096915402e-02
-1.898786346921546464e+00,-7.937446342731295512e-02
-1.699768763956132078e+00,-4.175636201235702338e-01
3.115771439973154422e+00,1.799656796371199796e+00
-2.289163677812569020e+00,-6.239831481413795622e-01
3.491870464497512039e+00,6.702331615453335223e-01
-1.080658583861856759e+00,-3.275420863095271362e-01
2.923364359917238975e+00,6.343461690664257135e-01
-1.633677822225012122e+00,4.964188871842497019e-01
6.462937046580685241e+00,-2.941238179450148760e+00
-2.483643955282547999e+00,-2.158336072704709896e-02
-1.539714012024168799e+00,3.892551147898000163e-01
-1.806349845694747991e+00,-4.185506863379648279e-01
2.787482246225452265e+00,8.487322302415934994e-01
3.450834448154679102e+00,8.593120808086268658e-01
5.748339270311198845e+00,-2.763347242821310168e+00
-2.004082842816469423e+00,2.044656657143698875e-01
-3.279452438001266845e-01,1.423267832568451796e+00
-1.049133406606272745e+00,-2.568793414870559344e-01
3.477189530967095710e+00,6.945189620807731279e-01
-1.744101184814671468e+00,-1.926898080426450721e-01
3.992748111256729793e+00,1.812607835623042174e+00
-1.815911199326174286e+00,-2.651178301306557072e-01
2.843883662715694260e+00,3.940979327178597558e-01
-1.689299287923467174e+00,-1.573119303777725242e-01
-2.013560717145411072e+00,-4.652152118826257121e-01
-2.584284184410281959e+00,-2.298668384068729698e-01
-1.780845208044782302e+00,-4.916640709433475198e-01
-1.748841223171033521e+00,-4.576877500093915474e-01
-2.409651367578770742e+00,9.194287308243409562e-02
5.596265195787981206e+00,-2.641058669982284446e+00
4.409755577305561891e-01,2.482723751113228072e+00
3.660403506094806469e-01,1.359078929142510939e+00
-2.525358892776149666e+00,-3.448131817401282051e-01
5.627484365793696597e+00,-2.651829433768096322e+00
-1.841300108284511738e+00,-7.439052574327202905e-01
-1.648325280319502317e+00,-4.950440295754828801e-01
6.140853551774889674e+00,-1.784318087051418811e+00
-1.049219613225949255e+00,-5.776882793991685583e-01
-2.295421937533972834e+00,6.674768839564786393e-01
-1.632777381772301029e+00,-4.425006429579459999e-01
3.380921272602375183e+00,9.056585800824252797e-01
3.616212857686214477e+00,1.455938177207530382e+00
5.781103713001995104e+00,-2.294184575466648113e+00
-1.599259359667075442e+00,-3.174123435862189480e-01
-7.962263476578987920e-01,8.988663757899629791e-01
3.487419780831014560e+00,6.889299366752527076e-01
-1.848402567834285914e+00,-2.628983441523255471e-01
-1.620087663681121892e+00,-2.624124666540383344e-01
-1.554777065682021675e+00,-3.706718559611016928e-01
-1.642242823702307675e+00,-5.479098189235911409e-01
-1.742523306546385209e+00,9.864226183612206933e-02
-1.647623481257728839e+00,-2.775052420783797880e-01
5.615892254079414947e+00,-2.297459146048670853e+00
-1.557335256426215508e+00,5.371248250947239233e-01
2.798488223531246710e+00,1.048741745415788351e+00
-1.077535935673253897e+00,-4.600563115350868038e-01
-1.019903524752316049e+00,-1.991552332579210050e-01
-2.328972126034166035e+00,-4.235986411731306744e-01
-2.692590232683679030e+00,-6.707232836022233302e-01
3.384015615266842136e+00,1.180536585449787790e+00
-1.926055295240319154e+00,-6.352084895006757659e-01
-2.697319250929654189e+00,-7.086524878249420567e-01
-1.822880910072570249e+00,-1.087311666052826892e-01
5.679441634816623896e+00,-2.702604107676047640e+00
-2.406872068179040980e+00,-4.501307853035846906e-01
-1.935742376723982083e+00,-2.390186349903573038e-01
-1.772842813807501638e+00,-3.121195018132809640e-01
-1.474414955834209895e+00,-2.259037959204070467e-01
-1.833267954359999896e+00,-5.910833891246245475e-01
5.805888649557628511e+00,-1.950198650104533193e+00
-1.804954722499686914e+00,-3.964369401219701161e-01
-1.709726909208889811e+00,-3.413655823323947791e-01
-1.831955628271018321e+00,-3.265961465497030924e-01
2.876784104813912446e+00,7.027994012188314432e-01
5.636311288394229457e+00,-2.575786578181182396e+00
-2.543080355984018048e+00,-7.692174052216319557e-01
-2.334495059146981522e+00,1.049904825006345715e-01
2.766370846423648722e+00,1.187723631760156939e+00
6.530705688335936010e+00,-2.355740033558788582e+00
-1.658714901770045547e+00,1.493131767871599680e-01
6.367685230775412819e+00,-3.022511850676203427e+00
7.497799276094233578e-01,2.581940153136486060e+00
-1.657312241901755190e+00,-5.572798232845631583e-01
-1.828107460575294496e+00,-5.420961701151205681e-01
-1.709757747965227281e+00,8.733448686245547099e-02
1.954414477190050459e+00,-3.269370912995032130e-01
5.791763606972252454e+00,-2.773714725801688985e+00
-2.094046577845476431e+00,-3.721681169823766178e-01
-2.345706032981982769e+00,1.020869739545479521e-01
-2.288840070384887238e+00,-2.130442358700532501e-01
-1.735551965297066568e+00,-1.523803524771211448e-01
-2.255178324794228750e+00,-1.082536461134825656e-01
-2.287190513811122816e+00,-2.560741853400203549e-01
-1.745787287272399846e+00,-1.343035698346796425e-01
-1.629817881235961607e+00,-4.402545685941335885e-01
-2.375023372650386211e+00,-3.715679383144002701e-01
3.444890946770446938e+00,7.907692724856262290e-01
-1.523906470570551841e+00,-3.229970473475987092e-01
-1.781311735059507351e+00,-3.524331303194859766e-01
-2.624964493018902445e+00,-2.647638847016552943e-01
-1.870032164531530317e+00,-6.095883742526908566e-01
-1.632668462173681556e+00,-1.286758751370667142e-01
-2.384772490922253407e+00,2.639763888915454548e-01
-2.126870973016338429e+00,-1.643654172862435703e-01
3.478114410416669688e+00,1.403107373183433593e+00
-2.021346444322194902e+00,-4.415118020726991888e-01
3.371638154134029897e+00,1.298687606459282939e+00
-1.187687334705081588e+00,-6.624418312533134623e-01
3.254778729041319707e+00,1.743586920455837852e+00
2.731974415260488787e+00,5.513100174475099591e-01
3.477843755763878164e+00,2.024547860066567562e-01
-2.286191241928152706e+00,-3.197701127609478555e-01
-2.406763347816208931e+00,-4.946307274927599917e-01
-2.274446272648260159e+00,-4.621187942206557153e-01
3.360501998853416605e+00,9.679286465529876038e-01
6.007999799301724231e+00,-1.747070015616223548e+00
-1.827145501697015506e+00,-1.456766891422495991e-01
2.944906471232270118e+00,3.552287870145352106e-02
-1.104575060538397491e+00,-1.720165590088219842e-01
-1.720833945075107563e+00,-3.206188835930256498e-01
-9.954124212529987803e-01,-2.196147917397202054e-01
-9.155659077350098984e-01,-2.617240309133323506e-01
-1.734445636214777986e+00,-3.454609890666457406e-01
3.559397393514132979e+00,7.113432554535470409e-01
3.342805210705654506e+00,1.151078306257455663e+00
-1.758864699329802272e+00,-1.317762200828288266e-01
-2.258906592258876689e+00,5.646233412392738238e-01
-2.250230590504626260e+00,-3.572662172426588900e-01
-2.345687356493133535e+00,-3.593919599279578048e-01
-2.550351754391742887e+00,-3.097547742348606969e-01
-2.484593449789778585e+00,-6.276305992297365188e-01
-1.896056415385339644e+00,-1.999929884191881391e-01
6.337431495602401377e+00,-1.905316440091036068e+00
-2.355863502248094488e+00,4.014606802914189587e-01
2.848122840727103089e+00,8.611737437175100984e-01
-2.399630318091921843e+00,-4.224681612527454999e-01
-4.577656300761862029e-01,2.139023387783054009e+00
-1.731968402698554010e+00,-1.968142493020020312e-01
-2.712570498532611118e+00,-1.989216973520462339e-01
-1.554709392406819379e+00,-5.501760807518404350e-01
-9.508764477140899674e-01,-1.209666732055596633e-01
3.234981074607082174e+00,1.567450394878927122e+00
3.961080674991499073e+00,1.930452553625928935e+00
-2.279664152694159895e+00,-3.809097363284192905e-01
6.610560608097085122e+00,-2.322151434587556018e+00
5.697088983542474061e+00,-2.750034077056798587e+00
-1.671813231033240310e+00,-6.149279342822495664e-01
-1.606405367445014498e+00,-3.234690368156444840e-01
-1.573287834267253382e+00,9.434717979284291955e-02
3.420117368280891412e+00,1.010369377570529137e+00
-2.182551906908327233e+00,-3.500337864259028819e-01
2.783502306010384064e+00,1.072953795632685114e+00
2.873194404423109027e+00,8.252450187030758721e-01
-1.023067201497492418e+00,-1.890496692395288725e-01
3.740660760525353901e+00,2.065512993268755704e+00
2.784419297462944698e+00,8.313222340146764200e-01
-1.588232895650021126e+00,3.210195530347086934e-01
-1.771095836448421057e+00,-1.225789090695621059e-01
-2.317000450120235033e+00,4.140475709772556932e-03
-1.695870623573840996e+00,-1.108257122051388571e-01
1.204014647841925134e+00,2.443550575617786880e+00
3.369466569297179692e+00,7.742100602921695440e-01
-1.002155886051128153e+00,-6.199119465673247342e-01
-2.471323338744587428e+00,-5.274904643753112188e-01
-1.065001062994422654e+00,-4.570579198419662537e-01
1.542229400038354958e+00,2.481215779608098693e+00
2.917059909560820952e+00,1.263237728882263822e-01
-1.573363792098443792e+00,-3.666936571814763401e-01
-1.880163448791872582e+00,-2.426262934665821824e-01
-1.820080660049297583e+00,-3.495063726765997858e-01
-1.786099875392684444e+00,-3.123714813419257719e-01
-1.840689028943017780e+00,-4.038351319388236993e-01
-1.659049864155391241e+00,-3.849276719192574192e-01
6.446025575601630919e+00,-2.600962691942243499e+00
-1.037295869468436882e+00,-4.785125310623755124e-01
-1.902250048374923175e+00,-5.157194205732725800e-01
2.721387937672411717e+00,6.834776126379563665e-01
-2.175120921753693093e+00,-5.315333639660115850e-01
-8.960824579309752957e-01,-2.983110094728759210e-01
-1.637438878212436943e+00,1.302818310682618830e-01
-2.379291417633851768e+00,-9.414373299985580312e-02
3.302447661935013823e+00,1.097627645830987930e+00
3.213200997768316913e+00,1.406494327046515558e+00
1.323197630212864295e+00,1.859956747500583818e+00
5.619089694257258571e+00,-2.696066794274708744e+00
3.437384924407695497e+00,6.797263355862075418e-01
-1.664725700493561833e+00,-3.582751230589439340e-01
-2.218228711434443667e+00,-4.587055440560566105e-02
-1.621224846805847442e+00,-2.504457048976294620e-01
-2.096000449059751691e+00,8.091700375739233619e-01
-1.607880878034295247e+00,-1.396168764246367155e-01
-1.483562026540658607e+00,6.266023192148011123e-02
-1.514982241646358974e+00,1.102579933597124667e-01
-2.106620761965761091e+00,-5.016243330363110431e-01
-1.652305949390834083e+00,2.428294439964533979e-01
-1.807068823054878148e+00,-6.278989552560524379e-01
3.253192185154564875e+00,1.533010397106405964e+00
-2.528088869350987533e+00,4.396192906601569805e-01
5.972962199043637455e+00,-2.779844779418942036e+00
3.405239482369242232e+00,8.143037216719392068e-01
-1.601652900998905116e+00,-2.310856739579034702e-01
2.959496822657465831e+00,3.119388259577484668e-01
-2.281088826130343250e+00,1.673836499345316420e-01
-1.852928319690174463e+00,-3.500461289662583075e-01
-9.593232484283655825e-01,-7.902551133428296903e-02
-1.210761291166415399e+00,-4.776893013732793070e-01
6.147010860609441352e+00,-1.746204275683637563e+00
-2.439758925498751285e+00,8.086353896113556150e-01
-1.688772513348020698e+00,-3.320154833825699203e-01
-1.402034802426638693e+00,6.143191089410791061e-01
9.374340787794466223e-01,2.050890616708245240e+00
-1.641403029115048984e+00,-4.153224275936613918e-01
-1.823483361869346897e+00,-5.026204175255962747e-01
-1.637768727101075461e+00,-3.626699749374093784e-01
8.889687570136618477e-01,2.571045205354089980e+00
2.800721154730724471e+00,4.830578191630006124e-01
-1.763080624788751161e+00,-9.187810456137984749e-02
-1.583971836625621910e+00,-1.135991257143139921e-01
3.569513553561890262e+00,9.542096819379753958e-01
-2.235868846887030248e+00,5.682723445187122246e-01
-1.767246648380941032e+00,-3.050974772545590463e-01
3.385693981189970891e+00,6.240913290391272294e-01
5.643090844128143324e+00,-2.636759880187947935e+00
-2.473367932770390354e+00,-3.809859737599345930e-01
3.485401109042385315e+00,1.324530317644274646e+00
8.141158658040158480e-01,2.763293988768221965e+00
-1.860270802878841057e+00,-2.117493081450434744e-01
-1.066894281425283086e+00,-6.132112057199169408e-01
-1.606431244120201107e+00,-3.518443710076427783e-02
-1.635276561174585863e+00,-1.517719683873489933e-01
-1.604971016292451313e+00,-3.188084321959213652e-01
-1.121453299607616305e+00,-6.601713799000814564e-01
-2.469411779066380319e+00,1.008937662957215681e-01
3.468565170421395116e+00,3.587512681514229418e-01
3.254944180043723545e+00,1.539344151062528754e+00
-1.897070466094908037e+00,-3.342097109940258409e-02
3.490944611724412727e+00,1.309265473693431492e+00
6.551969174651371963e-01,2.432266762068528099e+00
-1.775832056455189267e+00,-5.399702004670855482e-01
-2.453170570441664200e+00,-2.384562953368855598e-01
3.406186461617584538e+00,9.119662094241161032e-01
-2.302319175234349480e+00,-3.733898974696400197e-01
3.447517603687494159e+00,1.103655361591915574e+00
3.242839240090186426e+00,1.114109733778030575e+00
-1.676522615140494832e+00,-2.418572307640977082e-01
-1.581232261082774260e+00,-5.420864233864334247e-01
3.850719277242723670e+00,1.715812488795202873e+00
-1.721575967147650488e+00,8.704106339444998841e-02
2.876131746980285619e+00,-7.015495534979737657e-02
-2.330673374054716973e+00,6.605226696752780624e-02
-2.487844220429407116e+00,5.762573996729992293e-02
-1.718640678331463167e+00,3.503612575494594594e-01
-9.822236826178215585e-01,-2.886280346286076437e-01
-2.212983682341280289e+00,1.446650712799956440e-01
-2.255633197268325674e+00,-2.375136342165512782e-01
-2.252221010762331499e+00,-1.401510124938926127e-01
-2.258876458274611920e+00,-3.007455189145579189e-01
-1.484286977471052538e+00,5.864224985176373917e-01
-2.159238129714066812e+00,-1.818013703618812926e-01
-2.253686738374378162e+00,-4.495717913119955944e-01
-1.471521818623347411e+00,2.492228794479230125e-01
5.664984877116789441e+00,-2.669486377442656266e+00
-2.338983620777550509e+00,-4.330411160886547817e-02
3.342086540432345210e+00,1.001015693303363374e+00
3.479938763380460820e+00,1.330760141167012689e+00
9.937475796812231810e-01,2.218864448217350294e+00
-1.651881170915450170e+00,-1.480554737464061521e-01
-1.642914633653840051e+00,-4.666035525141413731e-01
-2.345642333735123319e+00,-6.743763350370901577e-01
3.197352612170465846e+00,9.419157041877339598e-01
-2.447077832927023078e+00,-5.925110951629571909e-01
-2.416844541359624898e+00,2.187021415332570384e-01
3.198799077080926256e+00,1.493935522422742412e+00
-1.094247378639776835e+00,-2.905127425772854877e-01
-1.543670681205526751e+00,-4.089915347489933573e-02
3.210237278251850679e+00,1.448391787723673163e+00
3.437073804332128280e+00,5.566485367946586438e-01
3.274198845538645930e+00,1.203617392614212189e+00
5.702177758983533629e+00,-2.751209014079198489e+00
-2.468269393550272195e+00,-6.539562144031391133e-01
-1.052633993600129658e+00,-3.517815027657181792e-01
2.718665976768054993e+00,6.957461047324600134e-01
2.941365065565772596e+00,3.604397595149306244e-01
-2.548735002081629286e+00,-3.299774536647264722e-01
-1.792586305327928509e+00,-9.929015487527659278e-02
-1.672664236443743402e+00,-4.281328440461492080e-01
-1.050097701512774595e+00,-3.026317927102186167e-01
-1.435223622375387587e+00,-3.900048542297696597e-01
-1.664841301995641398e+00,-6.064305941471074268e-01
2.732170406557973941e+00,7.482503532816764391e-01
-2.381810381937708776e+00,6.615894657614018737e-01
-1.550549351645445384e+00,-2.221310187215654042e-01
-2.275361533214325771e+00,-4.309516765661708937e-01
-1.733377457119196885e+00,-3.903777354179082670e-01
3.602035237764892983e+00,1.053482130857385402e+00
9.503639264203681547e-01,2.685388417805991690e+00
3.359709548492222808e+00,5.674122803269123771e-01
6.496562308693625276e+00,-2.775772572468106603e+00
6.438880334033746378e-01,1.725942507898415634e+00
6.521998041011893399e+00,-2.558394756706424911e+00
2.761769862243571794e+00,5.907902612651182439e-01
-2.235322263563655820e+00,-2.395203045811871156e-01
-2.621415965729929187e+00,-6.695473109919324317e-01
3.276734594580422488e+00,1.262223967771330058e+00
-9.987245688678851874e-01,2.995405511423545122e-02
-2.021888511999129889e+00,8.557541819227330038e-01
-2.253383626957738972e+00,-1.917561807430573639e-01
-1.676395103663131492e+00,-5.061301410653300525e-01
-1.000950525652100520e+00,-4.104296888406106514e-01
-1.804562357136414441e+00,-5.391654119555827629e-01
5.532661763426756529e+00,-2.594506541907593444e+00
-2.225938138324410787e+00,-3.684826530095574038e-01
-1.645646359788899060e+00,-3.172296504733670974e-01
2.755613037457865122e+00,1.235473409420853458e-01
2.821025894839508386e+00,1.108752230137734607e+00
-1.721481409002444396e+00,-2.520104651144071672e-01
3.505517642028260994e+00,1.798302036668639969e+00
-1.746349415561614604e+00,-2.930555736928147637e-01
-1.786536369018560277e+00,-4.658381362247765445e-02
3.227382474517602962e+00,1.343293448996429884e+00
2.636962664586816718e+00,1.502488925439116330e-01
-2.269220491660164374e+00,-5.598680209262830720e-01
-2.314008482667685218e+00,4.142234369253547377e-01
-2.334651781867014275e+00,-4.731767590981580951e-01
3.386565237585578370e+00,1.066541407476590653e+00
-1.733560840901906763e+00,-3.674510308618285648e-01
-1.678646981627710533e+00,-1.156714877812567432e-02
-1.560778703842146564e+00,-6.636738088210913933e-02
-1.747276102356305705e+00,-4.972091978009852142e-01
-2.407844410185607575e+00,-5.107925746073386231e-01
-1.601409703141998264e+00,-2.694186008445158542e-01
-9.856118508284051893e-01,-2.388794927241342722e-02
3.083030621237869529e+00,1.538870069170091393e+00
-2.324887732833485821e+00,-2.821316682376438789e-02
-2.170518959481836152e+00,5.386337396328293448e-01
-1.611664139486021385e+00,-2.091965706676580383e-01
-1.878628328028613126e+00,-2.688062005528980003e-01
-1.526675321693769849e+00,-3.575881940756659993e-01
-1.687894769912778870e+00,-2.400243210955564088e-01
-2.687459461997841803e+00,6.640866911373537462e-01
3.421468615497652355e+00,4.540492527776213705e-01
2.842172308268924752e+00,7.209949941780455229e-02
-2.278136063068144423e+00,1.530072332234683197e-01
-1.713825881543654006e+00,9.301179360728323645e-03
-1.849560739857691205e+00,1.447212968938114686e-01
-1.804472815816441589e+00,-6.703401053480864680e-02
-2.452807945471598750e+00,-5.841454186727847997e-01
-1.694708694182223141e+00,-2.085973336254990929e-01
-2.101282814013438749e+00,2.555696296212361940e-01
3.516530400195185813e+00,4.703457702777982807e-01
-2.264341775132233892e+00,-5.927504548590453171e-01
3.376786053664724285e+00,6.748092638931001419e-01
-2.434020029976024180e+00,-5.683014300056887791e-01
5.843001922376928725e+00,-2.160360261033905882e+00
5.708075753469575631e+00,-2.766541681660345642e+00
-1.827539155174620955e+00,-4.369404483155643337e-01
3.406154870389369371e+00,9.357163678011810592e-01
5.802893215563741158e+00,-2.765318772825983373e+00
-1.660803453886327663e+00,4.113017092991187451e-01
-1.732675049920012755e+00,-2.120158907802474624e-01
3.344307092760374189e+00,1.283212509730356832e+00
-1.841852645464326699e+00,-4.473157159068227862e-01
3.617432275302531863e+00,8.560330617249665153e-01
-1.044079567839202083e+00,-2.464597459173217264e-01
-1.829153138633340170e+00,-5.907744486971198139e-01
-1.712514479716809479e+00,-2.990244525024817190e-01
3.271475440934676016e+00,1.357458107456895213e+00
-1.132099002861157722e+00,-2.761011540528208186e-01
-2.276861263599395002e+00,6.004135447112571855e-01
2.800591608086675066e+00,8.389959988276290970e-01
-1.601075779203808169e+00,-4.735216161123215750e-01
-1.621192344969811350e+00,-4.480355909520034041e-01
-3.825455768434449233e-01,-2.137345431394249706e-01
-2.441801773485864580e+00,-2.507484635505933812e-01
3.286935318136879669e+00,1.164181186533690182e+00
-2.351343683982698440e+00,-5.427418740649916362e-01
-1.670283214727722010e+00,-5.495075407706854209e-01
2.734915224625467989e+00,9.481998864734265675e-01
-1.744971071202927160e+00,-2.325760309489233735e-01
-1.563405367488715170e+00,2.231536308405046021e-01
-1.867170524244720964e+00,-3.864990817440434046e-01
-1.666456408809872558e+00,-5.664061895817770198e-01
-1.844437606281727815e+00,-5.186656467076756760e-01
-1.835944693980778197e+00,-4.024386617124224852e-01
-1.028611420528011910e+00,-7.179474025616392474e-01
-1.017539708831410206e+00,-4.682451862378269047e-01
-2.380994891494709886e+00,9.106848322254543215e-02
-2.339477717181412064e+00,-4.397752019808275903e-01
-1.546848918961831965e+00,3.508768906113829966e-01
-1.808851970433071665e+00,-3.657017825287653956e-01
-2.231798081254494637e+00,1.415492258298830519e-01
-2.277360950835246811e+00,-3.024081987237565161e-01
-1.666179583278641019e+00,-1.105071725829211288e-01
-2.362219863393039354e+00,-1.871715121647698210e-01
-9.436258093499036992e-01,-1.833816715086172278e-01
6.374004701966184072e+00,-2.858006145785901175e+00
-2.242642145530640452e+00,1.472344617146643109e-01
-2.261318539316180320e+00,-1.811570891369597147e-01
-1.751175044305327111e+00,7.232108191635268357e-02
-2.326778906771676869e+00,-3.376344296188657501e-01
-2.210309304141022668e+00,4.875173705465037921e-01
3.846968952371609518e+00,2.090921787567078471e+00
2.978070956012141224e+00,9.623834485111303072e-02
5.630569044742443907e+00,-2.615719003124340247e+00
-2.332726907123576776e+00,-5.041081411659669165e-01
-1.049405372476747811e+00,-4.149338606509420102e-01
-1.609182720691836543e+00,-4.768933450202601509e-01
3.374933544577832123e+00,1.426360823815464807e+00
-1.625118953451290871e+00,-7.026955802125146588e-01
-1.744846739663323154e+00,-3.740899249678859007e-01
-2.398586976727421050e+00,-5.398219833090361214e-02
-2.257935732951477092e+00,3.331995389253545325e-01
-1.034654131221254270e+00,-4.669572652039614136e-01
-2.352514053770887514e+00,1.891226794072907169e-01
-2.381340779010749920e+00,-3.209506598063524563e-01
-2.347744236753182889e+00,2.427997907107800890e-01
-2.480946799064813302e+00,7.057631832007161821e-01
3.274119429291437289e+00,9.572349417374005354e-01
-1.738436566099603953e+00,-1.585343723233332003e-01
6.213963803469177094e+00,-1.958708792462126480e+00
-1.812783616935905284e+00,-2.098803758431274646e-01
3.311553937166717976e+00,1.268451078544154731e+00
3.366036567934374446e+00,5.742723023156209861e-01
3.075295849207362320e+00,1.963986343842855087e+00
-1.465329507389881991e+00,3.816291329139354649e-01
-1.961850629929767997e+00,-1.860638697348910298e-01
-1.650585607009655842e+00,-3.880738563714279388e-01
-1.612748348679838628e+00,-2.401789278460466082e-01
3.419109864231424822e+00,7.325971880536409353e-01
-1.051088431953353997e+00,-4.055216956410792051e-01
2.741608281356241683e+00,8.753342250034187311e-01
-1.718358493738905146e+00,-3.296629245229847904e-01
-2.288831816205952219e+00,-5.358179725023620721e-01
-1.864074928409231946e+00,-2.024673107108992121e-01
-1.556756606302887036e+00,1.279129558750266571e-01
-1.640350231643421086e+00,3.309579860600322943e-01
-2.384508285901061342e+00,1.404510969830597977e-01
-2.144884846916628174e+00,-3.303196919527557479e-02
3.500674852971701778e+00,1.293740949458922040e+00
-2.230794957391952771e+00,8.805427190198313048e-02
3.346695558532372328e+00,1.692016928912200846e-01
5.088197692900060520e-01,2.343689299889858635e+00
3.375105357139456697e+00,1.076208123909219161e+00
-1.726957166104613695e+00,-2.066873841964771141e-01
3.425322859549840615e+00,7.701871516598608469e-01
-1.794558966456821114e+00,-3.123957261847411515e-01
-2.164831759001965228e+00,-4.959165413876105433e-01
-1.502202475492061318e+00,-1.067593421605363274e-01
-2.239863211337214999e+00,-6.067611762638877582e-02
-1.633512155476339878e+00,-3.609101496745463211e-01
-1.750191149999770213e+00,-6.251422199332859475e-02
-1.736515348695417016e+00,-7.247683738664006947e-02
-2.616992375281278260e+00,8.888956509562455643e-01
-1.137553468448476268e+00,-5.253596810622410684e-01
-2.321309906526024314e+00,-1.459121231485145387e-01
-1.005995007006688091e+00,-4.400417589141901731e-01
-1.630595412883477202e+00,-4.897203020202747781e-01
-2.277153147381991261e+00,-1.353056124933872395e-01
-1.627836043282929746e+00,-1.047642206648129320e-01
6.119987712583478512e+00,-1.705702823535072188e+00
-2.259620271521206369e+00,5.276377265429424979e-01
-1.590219251289552771e+00,-2.016542387681959370e-01
-2.336616767218436586e+00,-4.918144862423295960e-01
-1.003445666047286799e+00,-4.509326340999641469e-01
-2.352056486796299861e+00,-1.225003878487300746e-01
2.634416939624510956e+00,3.237577323515652972e-01
-1.959669281429049059e+00,-1.508049534738654385e-01
-1.659953889546115446e+00,-1.942408147423149156e-01
-1.884534771752621518e+00,-4.159105285521674800e-01
-3.958331147014099161e-01,-2.483812027350481288e-01
-2.354783474953165978e+00,-6.243307129242529063e-01
3.426505487649857518e+00,1.079610492779051967e+00
-1.703660223795584017e+00,-2.735082857658914235e-01
-9.426599314218542247e-01,-6.978193617960941619e-01
-1.493911871870389207e+00,2.701146249208283279e-01
-2.377475843560813651e+00,-4.753715807621690659e-01
-1.667455724670676265e+00,-5.327435504151980528e-01
-1.799802189083571591e+00,-1.614470033611449529e-01
6.257050806220084027e+00,-1.898646038510328315e+00
-1.488795273049600354e+00,-5.345212069968078294e-01
-2.299873613347402923e+00,-2.914585695362583162e-01
1.198565098162674758e+00,2.327539009163243300e+00
-1.594988665359442503e+00,-2.721619170804859267e-01
3.449399057903544286e+00,7.510617918314078656e-01
2.954112981844894126e+00,4.426986817732145307e-01
-1.721176157783240068e+00,-1.751001790934342550e-01
-1.942529232208633161e+00,-2.462939809893162080e-01
-1.653659880335752952e+00,-1.759192205066532344e-01
-2.455098753999706229e+00,-4.014211085776080434e-01
-1.543048380637344064e+00,-5.222792107996259148e-01
-1.631351519295225483e+00,-1.104730665257105948e-01
5.845697352140769354e+00,-2.241700275207719084e+00
-2.287994713224815957e+00,-2.733608632132799032e-01
2.813426298527978098e+00,9.320815282626772336e-02
-2.314520249033286792e+00,-2.928973365506546966e-01
-1.674557595110450769e+00,-4.058259423349057649e-01
-2.285559540301802084e+00,-5.357317524189400548e-02
-9.954040273353804702e-01,-5.558153848345680492e-01
-1.096382458827087403e+00,1.523182962503330691e-02
-1.974439751439825308e+00,-3.469516250733931106e-01
3.252044986667526061e+00,1.590444604029396691e+00
-1.427180727811125260e+00,-4.039810227938296916e-01
6.528826376012626387e-01,1.869258198133828985e+00
-1.780696808203894310e+00,-3.015448523816433024e-01
-2.294728442744098373e+00,1.920210887371849584e-01
-1.054514411551351838e+00,-3.722115278636325963e-01
-2.318171070918250365e+00,-5.037619869607220524e-01
5.778921830228600065e+00,-2.159833340181321670e+00
-1.765548500457926995e+00,-1.626873857232845055e-01
-2.393977553908222866e+00,5.115632622397031648e-01
-1.776140573482148266e+00,-3.721415277661738741e-01
2.848595494186419774e+00,5.271372565793658316e-01
3.302795622660920749e+00,1.921781812118314559e+00
3.335717329603162362e+00,1.552236737779466802e+00
-1.664570326837467640e+00,-1.168460004256710871e-01
-1.113530304612656563e+00,-5.106025161410083779e-01
5.905249358129276871e+00,-2.070386650304508080e+00
5.617974523901823503e+00,-2.689192086965880080e+00
6.496444973984667470e-01,2.494024800799964137e+00
-1.638551900013792917e+00,5.937664758450240665e-01
-1.364161051704501970e+00,-4.713710933131139424e-01
-2.324568964231510382e+00,8.088821900908148566e-01
3.485084574941373248e+00,1.159183678354135605e+00
3.419334310779033714e+00,1.175183022723269799e+00
2.802615506124940481e+00,3.399314328896940185e-01
2.331324029540305265e+00,-2.066821219422818046e-02
-2.417229354654860884e+00,-2.705625920401001916e-01
-1.759616430632521045e+00,-4.594558815113574182e-03
6.105951932799826842e+00,-1.801349440599133933e+00
-2.869235573709714160e+00,8.865129566833320762e-01
-1.734829031176000846e+00,-4.984157577350997737e-01
2.727842663971185466e+00,6.552041714366505509e-01
-1.671852073029481689e+00,6.305068924607909464e-02
-1.729242206798301318e+00,-4.807174879451212024e-01
3.291614387732164637e+00,1.211893160562426131e+00
3.325307730618608737e+00,1.465233947976187334e+00
-1.527651458791504657e+00,-5.417472935705307524e-01
-1.620175506445448388e+00,-3.794633034929230653e-01
-1.740107681247040183e+00,-5.837000620884499891e-02
-2.256031245146117747e+00,-2.433316793372737041e-01
-1.857677755364758543e+00,-1.531477627921897788e-01
-2.323752632408963681e+00,-4.399947703002539678e-01
-1.120634545586894015e+00,-5.907798334139015006e-01
1.028974395984149304e+00,2.863801790881950637e+00
-2.204265982521971701e+00,-6.372607072436359266e-01
-1.847025848056686126e+00,-6.920684465024633525e-01
-1.590510736647382961e+00,-2.740431858795384090e-01
-8.764291622369061452e-01,-1.634665824817994884e-01
-1.799121827065038870e+00,-2.015403354148673915e-02
-1.922433042052988483e+00,-4.428192665743899137e-01
-1.861259588766145612e+00,-4.586612668025197292e-01
5.551291603498409444e-01,2.614144551974124653e+00
3.451113263788274654e+00,1.060507065477656496e+00
-1.710386797583649532e+00,-5.767092018929169672e-01
-2.350123325880372871e+00,-1.899527638482763903e-01
-2.710434104631667562e+00,-1.339738928744025337e-01
-1.097639829961418956e+00,-2.260396531022494382e-01
-2.340746201787454517e+00,-3.963031099978379102e-01
-1.810760844995045638e+00,-5.016693888506158772e-02
-2.494196760410548830e+00,-6.504951101362616006e-01
-2.234311389690604166e+00,1.391785768768938059e-01
-2.409382232486014797e+00,6.878985534421948322e-02
-1.712588301927191692e+00,-3.520897545592582834e-01
-2.712481006491149316e+00,6.898186602378685306e-01
-1.843704346105788039e+00,-6.960433418768191549e-02
6.516758024493470636e+00,-2.781267679189910691e+00
-1.858887668221088418e+00,-2.933385519801994246e-01
-1.564513257567748949e+00,-3.063021978401566647e-01
-1.865124977984216725e+00,-4.317813342374643981e-01
2.841918604415929028e+00,2.914291089377558652e-01
-9.838531554966728487e-01,-3.585131117521448418e-01
-1.649916353209494480e+00,-3.704391556257861651e-01
-1.110465996813890577e+00,-4.311077208918296377e-01
-2.314960029438439815e+00,-3.501958487377518914e-01
-1.558723018457694787e+00,-3.270541709780838691e-01
9.333938282941066644e-01,2.552442207075384051e+00
-1.833438988503775624e+00,-6.769469779501000595e-01
-2.213765724449425321e+00,-1.831465388672158245e-01
3.345317898827099956e+00,1.219214412770081912e+00
6.002865924386277641e+00,-1.743684651029562271e+00
-9.758472137652114409e-01,1.813132288214786281e-01
-1.689298928661874255e+00,-2.982201379505445282e-01
-1.876994405607943506e+00,-4.013535661541562383e-01
3.415417941101203336e+00,1.363407931726086764e+00
-2.340548707378187654e+00,-5.394155480527221824e-01
-1.917558391394514894e+00,-5.065898966150496063e-01
3.383533511313126407e+00,4.643054850714785631e-01
3.003958073105936766e+00,-1.836346597299717553e-01
2.743624036488683249e+00,7.884133505851994572e-01
-1.827586715357108815e+00,1.749221217028984823e-02
-1.011950622828851731e+00,-6.142314343790164499e-02
-1.924819787464393972e+00,-4.658905792365836684e-01
-1.812907118292591102e+00,4.177649885397306528e-01
-1.639291054908749823e+00,-5.585515963685787622e-01
-2.239587993603597393e+00,2.461465529146038278e-01
-2.226803090268826057e+00,-2.052108446240846207e-01
3.361578312729849305e+00,1.311620261446219127e+00
3.076229539315403549e+00,1.545289515697119143e+00
5.828904815710356679e+00,-2.733404785821246463e+00
5.861260222568925649e+00,-2.772231122574436490e+00
2.708712190044894719e+00,7.590922854664567954e-01
5.794802282238718405e+00,-2.768270787387388410e+00
-2.549827761834841056e+00,1.854856578830307856e-02
-2.398895920249880298e+00,-1.423991013574517350e-01
-2.307150860795911473e+00,-4.355211828450590295e-01
-2.568880612182530943e+00,-7.234848723559192951e-01
-1.090597682373355637e+00,-3.275680824821395332e-01
3.546322733376271685e+00,8.361714336769516809e-01
-1.093163145868903507e+00,-4.609120063429263947e-01
-2.527596127650907132e+00,-2.828655745707800429e-01
-1.685357380600293498e+00,-4.211163235870722943e-01
-1.478276149984209420e+00,-2.452645993684726688e-01
-2.361515058310731607e+00,-4.101471582288727658e-01
-1.457443404814979582e+00,4.701695229511944629e-01
-1.894461831909630911e+00,-2.029777919023043331e-01
-2.122152140817263888e+00,5.358418397753952345e-01
-1.628929482072373425e+00,-3.121803488629733558e-01
3.390020844775451181e+00,1.212388534562921949e+00
6.400107812406202967e+00,-1.895589301594698739e+00
3.405784266936812354e+00,1.485387118643831439e+00
-1.682732172525621683e+00,-7.292029943201472353e-01
-1.732078393075768830e+00,-2.649390207505243344e-01
-1.557919271795822125e+00,1.831642049530584071e-01
3.238301728479460628e+00,9.376845814458288908e-01
5.765259286002921257e+00,-2.681410945691764969e+00
-1.657464691828490100e+00,6.498269075453420862e-02
3.416601290174783312e+00,9.044926875582067760e-01
-1.859896012829403089e+00,6.010946005237176315e-02
4.666814349732617551e-01,2.033984976891362706e+00
3.151346271917410569e+00,1.463200730125710392e+00
5.707857547205735571e+00,-2.620243476533663962e+00
-1.601322239564897165e+00,-3.133074872568721303e-01
3.349758818604209765e+00,1.218540857031158220e+00
-2.262612297333041589e+00,4.251978386550817057e-02
2.985303255452969928e+00,3.323638086961563931e-01
-2.105762771957749191e+00,2.003542939751748464e-01
-1.627810792048879573e+00,-4.624613218262594305e-01
3.252379678486192915e+00,1.217348988819272115e+00
-2.369568207044203678e+00,-4.746532368619354458e-01
-2.293860686734273457e+00,-3.474024657974953412e-01
-2.189580150983973184e+00,-2.006420068926174638e-01
-1.839547429334606576e+00,-2.269211314741695629e-01
-1.506094234111886365e+00,6.350739332338858900e-02
2.798566998333748224e+00,7.803292222102204967e-01
3.512811355762024856e+00,9.311222309680142750e-01
2.830478178741206996e+00,6.082856383825752111e-01
3.004404739599629615e+00,-4.527953399183231586e-01
-1.574476202853833717e+00,-4.262192782535867419e-01
-2.266851931169235002e+00,-3.373602282403211361e-01
-2.311065576167181224e+00,2.664616918122178491e-01
5.746081579827264640e+00,-2.703294001352012810e+00
-1.966920065181122057e+00,-5.115594613459548690e-01
2.896409749400120859e+00,-1.943023945411535836e-01
-1.656543430711342468e+00,-7.317919182644960774e-01
2.937667590952014240e+00,1.292233809060991390e-01
3.339524014681130915e+00,1.544912320633619052e+00
2.939430367826262103e+00,3.320623823532351526e-01
-1.731520549520686680e+00,-5.926318925458072817e-01
-1.688279196595361853e+00,-3.188632474395470262e-01
-1.619793945182882888e+00,-6.670249318209596767e-01
-1.674472094651798804e+00,-3.489323654214349091e-01
-1.793250981042365577e+00,7.872247782433262897e-02
-1.679510343299015496e+00,-2.732636359159449357e-01
2.836187549231617311e+00,6.031830052318949420e-01
-1.149799989157244795e+00,-4.647004505933792773e-01
4.995918631688896383e+00,-2.174972805419187694e+00
-1.842853430994884523e+00,-5.555933026203844216e-01
-1.639339841627875272e+00,-5.352356432935667652e-01
3.249303004751705082e+00,1.574096223624347868e+00
3.428530895712401882e+00,1.241107072505862385e+00
-2.628374124303988868e+00,-5.843419437359770319e-01
2.897191707240349245e+00,3.413039186952323001e-01
-1.152138888301169395e+00,-3.562869296170521616e-01
-1.792018874162517816e+00,-4.569011280015647380e-01
-1.558817626908628906e+00,-5.521920750087822710e-02
-1.656639302950621895e+00,-7.527760232984013200e-01
-1.582579815822431790e+00,1.071662490016475761e-01
-1.737685467636254533e+00,-3.857087046560730426e-01
-1.732211319541388184e+00,-4.987264888582683131e-01
3.344893015268233682e+00,1.185386477709867936e+00
3.466675067898185247e+00,6.004036118148670109e-01
3.481446066898971292e+00,5.227677100200535110e-01
3.440149312173642837e+00,6.106911858731325360e-01
2.678654526519392398e+00,9.728704962817403823e-01
-1.598534077231270389e+00,-1.764072228343457893e-01
-1.803407525628654362e+00,-2.472967260857889538e-01
3.430513228259196357e+00,7.955651311368717726e-01
-1.487281733578174281e+00,-8.311352890391936199e-02
-2.123602851440074435e+00,2.695226726523762828e-01
-1.927046236187033523e+00,-5.233440245097866761e-01
-2.953928047632978338e+00,-2.079396863306794130e-01
-2.027037417474008674e+00,-3.714761562464189426e-01
-2.357172174140772292e+00,-4.560171531481261309e-01
7.614466080544763926e-01,2.694182686113101965e+00
3.502158929312740199e+00,1.183815183048070319e+00
-1.709598647648730374e+00,-2.416722087638516758e-01
3.321371496236602550e+00,1.106822016183705681e+00
2.924055778306322129e+00,4.707499921932222220e-01
3.886295972888296646e+00,1.582279409854659313e+00
-1.850463141363922315e+00,-2.297381129030295066e-01
-2.427828865590419216e+00,-7.112728643248639182e-01
-1.732123235209856338e+00,-1.557176943633142019e-01
-1.614125553843532845e+00,-3.444863859870370693e-01
-9.616501495810469979e-01,-6.240238172148616230e-02
-2.391463344400739821e+00,-4.260769892734021513e-01
-1.838598251580850107e+00,-6.439092285802946840e-03
-9.388519185341527296e-01,2.008509773613355309e-01
-1.981302818246898578e+00,-2.248979152016777339e-01
-1.751436364559567416e+00,-3.370204631934707873e-01
-1.073575077210558781e+00,-2.862265429489058155e-01
3.513723201212989089e+00,5.357866044481414125e-01
-1.541434621946303318e+00,2.420466618891068677e-01
5.813795533762744050e+00,-2.815081528923416787e+00
3.354714521333971522e+00,8.347244512080339574e-01
3.396657825760985627e+00,1.317861378300604125e+00
-1.699278187033767873e+00,-2.486461857068595349e-01
-1.682744965483945254e+00,-4.213588650656034940e-01
-1.844281528189196884e+00,-1.961467075793053572e-01
-1.739482887487261875e+00,-2.314028990443797174e-01
3.451461475879984420e+00,8.170659418442756117e-01
3.433296263881461030e+00,3.766243116817321046e-01
-2.390546301038106058e+00,-4.236676989589989173e-01
-2.319165169577681151e+00,3.677175331921557488e-02
-2.210337598733223441e+00,2.303165804807003614e-01
-1.392704571714296735e+00,-5.719617394490426054e-01
-2.284055580720592893e+00,-1.784611534138285383e-01
1.660936337054294276e-01,1.846628824367537058e+00
5.637845243051347488e+00,-2.647682639420118278e+00
-2.477312453643110590e+00,-7.386612747270157042e-01
-1.682529884806142739e+00,-2.607924057430511255e-01
-1.650856068107455110e+00,-6.187310630768965147e-01
-1.647366661724525727e+00,-3.559011873659224667e-01
3.500651550909083642e+00,9.975273846084614648e-01
-2.211124715208290681e+00,-4.106133018562767301e-02
-1.838886820588093940e+00,4.070722541998809674e-01
-1.579216979026073053e+00,-1.737665527681931110e-01
2.882817146397826935e+00,3.716300177308695107e-01
4.135666094781648816e+00,-1.629966362668081148e+00
-1.740757836218853383e+00,-2.212890535546423454e-01
3.525053231087206029e+00,5.685673942798198377e-01
2.731017506251773419e+00,1.059895700333562507e+00
-1.545176233443918967e+00,-2.694660911060081654e-01
-2.159274213125702335e+00,-8.312041904282405080e-02
4.469123263617862385e-01,2.441121635685351787e+00
-2.162127262575029185e+00,-5.067786639049093322e-01
3.318647515600202880e+00,1.040833907704555861e+00
1.380337384347134932e+00,2.256990055596092226e+00
-1.919762482147233218e+00,-1.219810898493452617e-01
-1.632924025960561742e+00,-6.730055761382225388e-02
-1.139336830435752956e+00,-1.905534149300273095e-01
3.634888131698806202e+00,7.670454620976756566e-01
-2.345368636653539784e+00,-5.362157375131929582e-01
-1.671843108370354436e+00,-1.543727915885748092e-01
8.727754042007408453e-01,1.984783730333015805e+00
-1.706764578733567461e+00,-1.204961584504758432e-01
-1.767378521036303329e+00,-6.729643214593977740e-01
-2.187225602408874536e+00,6.589399470440435724e-01
6.157288308476159600e+00,-1.738360874113897170e+00
-2.274962102763988803e+00,2.772221666926398820e-01
-1.753812546697033126e+00,-5.495271506776655546e-02
3.356891274067463904e+00,1.166038730539536994e+00
-1.775195128069349426e+00,-5.890918067981534278e-01
-1.851752055654849904e+00,-1.197994901761752044e-02
-2.356504123617640722e+00,-2.594988883557207693e-01
-1.561480221997348483e+00,-1.548921618591030669e-01
3.326491706752980004e+00,1.249411074578719028e+00
-1.689512072295279221e+00,-2.392579606321220964e-01
-1.043608293346955929e+00,-5.615362097120483315e-02
-9.797074558989165016e-01,-2.537618522873604995e-02
-1.496431675785220516e+00,-1.916527514640196939e-02
3.398938872691902979e+00,1.558020265915969205e+00
-1.683679167252713604e+00,-1.194431898821095017e-01
-2.593496414321659227e+00,-1.165233360728271245e-01
3.365240773938662056e+00,1.231915306785085429e+00
1.911777659067490087e-02,2.268416468847984202e+00
3.482411407278186211e+00,8.703710005164017049e-01
-1.013880316538490645e+00,-2.390823156924353210e-01
-8.495699241862019191e-01,-2.769289722411568122e-01
5.662864743127456357e+00,-2.669678629896375277e+00
-2.238803736544614509e+00,-2.445042135889640561e-02
-1.065592249720333617e+00,-2.425989476815189338e-01
-1.701503945351328984e+00,-3.310351713903412763e-01
-2.487644654940381450e+00,-2.744619242403099069e-01
-1.890510347218270937e+00,-3.559361115631921035e-01
-1.776845085063275764e+00,6.163928090371903479e-02
3.409107274574336710e+00,1.089790291500816632e+00
-2.594850722012437050e+00,-6.801987840629584829e-03
-1.665001699940337865e+00,-2.992977910443223588e-01
-1.142447396096901713e+00,-2.695603101120363498e-01
6.308517466756531356e+00,-1.950909283481099932e+00
-2.655350328773867785e-01,-6.132234488614333179e-01
-1.833880932832538502e+00,-1.893184060329404228e-01
-2.336059507157745241e+00,-4.097795101457773481e-01
-2.340304745073478188e+00,-6.575557651396292114e-01
-2.345546304285410333e+00,-4.954003800717939332e-01
-2.088555403090702978e+00,-2.434254335381398626e-01
-1.552123919428277654e+00,-3.834178775527031791e-01
-2.352806317719833284e+00,-4.441160589060286767e-01
-2.645378676784498673e+00,-4.700455280255126933e-01
-1.714983166129113279e+00,-3.049810943705979494e-01
9.621037881804108682e-01,2.624165044959005044e+00
3.236568467323626130e+00,1.536649518767775779e+00
-2.539344115407912383e+00,-1.548772773852565010e-01
-1.664025930880562498e+00,-9.836975059601417437e-02
3.423030025690946054e+00,1.355437424195336860e+00
2.669241107634589216e+00,9.827396046548018127e-01
-2.261054826763310821e+00,3.062033283728956556e-01
-2.369696989652944730e+00,-6.385335755822951764e-01
-1.815158320981431928e+00,-5.051750356912434459e-01
5.675195803825517693e+00,-2.196457492242267495e+00
2.906963535911088581e+00,3.577291501544656027e-01
3.545982623993110483e+00,6.581796491353322232e-01
-1.750442579580245628e+00,-1.266727847814698438e-01
-2.109854837384768977e+00,5.830295773187346153e-01
-9.689378697568503673e-01,-2.212625556100686619e-01
-1.766219229575708649e+00,-4.115952871190299289e-01
-1.778881841227295757e+00,-4.585411682346884898e-02
3.299133232948060712e+00,2.104933245381161999e+00
-2.369853260658561833e+00,3.121919842178018656e-01
-1.789525425420007032e+00,-2.131793196628707643e-01
-2.458757458896744907e+00,1.472636771494278685e-01
3.418092707999927704e+00,8.483892409033744197e-01
-1.743930155828505635e+00,-5.704945843850788290e-01
-1.691013071324132699e+00,-5.818323234475223371e-01
-2.333340422558993321e+00,-4.398472296481695798e-01
-1.814054436311056007e+00,-4.006210379269370958e-01
-1.679371509716893307e+00,-3.439457342035530663e-01
-1.101144784170238422e+00,-4.468338287510127960e-01
-2.312464341215248798e+00,3.556808784180381378e-01
3.417330252774556598e+00,1.184053781846111209e+00
1.397472758351071764e+00,1.869176709195684127e+00
-1.575362375068084964e+00,-4.776196746604811083e-01
-1.791576308480391067e+00,-5.594667854099707460e-01
-2.199361920763899914e+00,-5.462893350702915374e-01
-1.786634128963809021e+00,-2.961686045791676047e-01
-1.885958246319101805e+00,-2.504841492070263298e-01
-2.360856202589418640e+00,-3.460052041351419083e-01
-2.332269875017144667e+00,-3.322033553297180641e-01
-2.353167114746544719e+00,-3.308807323779210802e-02
3.253718346889386659e+00,1.516723097738556181e+00
2.880953156338826648e+00,3.934998677356671970e-01
-2.346395743648759691e+00,-3.614274049923119625e-01
3.253767334200876604e+00,1.442415132974448122e+00
3.490152243685139322e+00,6.287026856350583781e-01
-1.696838800365027433e+00,-1.099350296068911381e-01
-1.767153649704137797e+00,-6.278237362751699913e-02
3.095410028127443702e+00,1.077909642991218497e+00
-2.347177171114913641e+00,-2.921665208583808515e-01
-1.840378444125616353e+00,-5.506897050251277070e-01
-1.961553441695799149e+00,-6.430432847747199476e-01
-2.136510729618619653e+00,-1.150193432224908691e-01
-2.196011486782071920e+00,-4.595916044301601722e-01
3.414007233249756634e+00,1.082034586365876017e+00
-2.516067315289090445e+00,-3.258391850542382007e-01
-1.725403284137110749e+00,-5.271213083138572841e-01
-1.822271012960771319e+00,3.931100466611670563e-01
-1.121392775691159915e+00,-4.334005426883437151e-01
-1.718456745699697086e+00,-1.186104334201721067e-01
3.495254900409911158e+00,1.384931971394159911e+00
-2.037318243456742728e+00,-3.069220440104353936e-02
-1.705315056656453887e+00,-1.594209804013974885e-01
-1.756755002508419761e+00,-1.286852679352457896e-01
3.536140862651718564e+00,6.880616720708087053e-01
-1.714897375745461527e+00,-1.893537759768034456e-01
-2.239147078663171531e+00,7.026519555512084070e-01
6.597838176497263341e+00,-2.594079380048283756e+00
-1.896697056489784261e+00,-4.350207531496193547e-01
-1.937070163781621890e+00,-1.870918436807358642e-01
-1.693562729080453577e+00,-2.785396292168662580e-01
-1.694261028939813896e+00,-5.048992712064543920e-01
-2.298446122537931124e+00,2.256503649903961739e-01
6.199468286137996387e+00,-1.846435617617350644e+00
3.508662065387130991e+00,1.209348343874414367e+00
2.997333474437156475e+00,1.357621926715943117e-01
2.915365972921494020e+00,1.919881428031642578e-01
-2.170579598319519743e+00,-2.104447308703284170e-01
-1.626877211227945486e+00,-2.645365611870414413e-01
-1.849110450808175488e+00,-4.036406604554191868e-01
2.729261928367026080e+00,7.601134431088829579e-01
5.631010888384755386e-01,-7.324991475120137263e-01
-1.556344337748892803e+00,-3.996482899351399554e-01
2.775333825662112286e+00,6.705079846959354217e-01
2.692187985023144492e+00,7.510042283617847092e-01
-1.566706424309205703e+00,-4.611601160725246062e-01
-1.004445022018182199e+00,2.409342473351261046e-02
-1.571499579931193935e+00,-4.112081040892690553e-01
3.335101991529415777e+00,1.444381150152019400e+00
-1.925289280106723400e+00,-6.413887629867873752e-01
-1.584743346025467625e+00,-2.521044039886723501e-02
-1.638650179384774530e+00,1.144201506854363171e-01
2.779636407600518666e+00,5.137239003564146866e-01
3.482784234898666842e+00,8.672001998575420423e-01
5.630233958696143404e+00,-2.615534104326444176e+00
-2.664773127983370848e+00,-3.331301027758772348e-01
2.893426540208212216e+00,4.501196401830370175e-01
3.410756671357517256e+00,1.014091382156179888e+00
3.368158986873047045e+00,9.736530243584661237e-01
2.860899790695341505e-01,1.546136696311460668e+00
2.250263825698850084e+00,-9.057960840302681921e-03
-1.720225520824492094e+00,-3.827707231908610841e-01
-1.063301449371428786e+00,-5.751682482786970585e-01
-1.777756635884134129e+00,-3.145169099061614904e-01
-1.886921725273674300e+00,-6.009412606633038889e-01
-2.416114894181352835e+00,-4.050479267954897877e-01
5.511596216260830516e+00,-2.506080703399923948e+00
-1.628708629690189147e+00,-4.163777955195399616e-01
6.589428385093232698e+00,-2.602363004695930293e+00
-1.646223141806693047e+00,-2.309998631386698253e-01
-2.376475886399608495e+00,8.889494439563419559e-02
2.775406968693475918e+00,7.781616948831703295e-01
5.711237014796640921e+00,-2.161512855598575644e+00
-2.183317449016131562e+00,-8.294109467963002580e-02
-2.297237793338692935e+00,-5.833027929076333162e-01
3.274672841470511742e+00,1.553188104598998809e+00
-1.566305115261093395e+00,-4.194765126513222975e-01
5.681042466470990426e+00,-2.629967013799213049e+00
-1.597957600960908886e+00,-6.358011354179043950e-01
-1.543562025042106267e+00,4.598978897074421091e-02
-8.812236363058774113e-01,-3.032563149106584088e-01
-2.448332774701196701e+00,-3.114401494413748805e-01
-1.099635929130080791e+00,-5.907627037898014466e-01
-2.569027750693213097e+00,-1.928551186771353121e-01
-2.361419053478730490e+00,-2.842982818553754232e-01
-2.299747133354659301e+00,-9.726441783449921163e-02
9.624594181101779888e-01,2.022139883843321773e+00
-1.563765490948292314e+00,6.101292496201887738e-02
-1.815122060081976629e+00,-4.287398530633061422e-01
3.283503171959824218e+00,8.827716262800544555e-01
-1.800501346221943910e+00,-4.957563001532544478e-01
3.332762610774935297e+00,1.060560851133725668e+00
-2.184609173300231078e+00,4.623460348171268275e-01
-1.625809559565720708e+00,5.119109470307653398e-01
2.742046303526212814e+00,1.301852566102432274e+00
3.372689882384550586e+00,1.374658352933254557e+00
-2.201764691060241752e+00,-8.870308153920980487e-02
-2.131985150787968575e+00,-1.209553492297133215e-01
3.348441778682806014e+00,6.644244735189054341e-01
3.395919667973266165e+00,1.295063129338771102e+00
6.502307819171437409e+00,-2.473927285084779548e+00
-1.607209574260931140e+00,-5.620478709198262202e-01
-1.886062295196177629e+00,-5.542656790017280732e-01
-2.221109663620669306e+00,7.359158520942975235e-02
-2.541403741970960084e+00,5.788495742760290108e-01
3.368087858915897126e+00,9.777188188563120663e-01
-2.358198776556884813e+00,-1.959071431188019186e-01
3.266586383646121305e+00,1.540499370408983326e+00
9.536754882262942212e-01,2.317397077781289561e+00
-1.091048554536657056e+00,-7.378547068341798632e-01
-1.875387856383733842e+00,-4.400446604598474698e-01
3.405773362736388421e+00,1.199744752957725646e+00
2.801577707711859322e+00,9.719082881402468788e-01
-2.481823412567444986e+00,1.098082215779469240e-01
2.213366199614220875e+00,2.599572932057170327e-01
-1.657786001530995978e+00,-2.058631392963229667e-01
-1.942011974451943956e+00,-1.960876557059416658e-01
-2.391238859394201111e+00,-1.456446575017645018e-01
-2.354782887871676333e+00,-7.172878943302107846e-02
2.797073512591352173e+00,3.921129258333176937e-01
-1.781971957050285882e+00,-4.488381293173204223e-01
4.900887546136876716e-01,2.195237433299149110e+00
-2.377749460787994984e+00,-4.471418468521327627e-01
-2.393410628492006254e+00,-4.125966287332042959e-01
5.646249963372822478e+00,-2.589993966055954999e+00
-2.340408401088992729e+00,-3.316322179155152261e-01
5.879556959569545604e+00,-2.201544347949128344e+00
5.782244784397025050e+00,-2.789152202056073726e+00
-1.813934311487557238e+00,-3.852996806838256405e-01
1.118946072097214195e+00,2.120178848496805823e+00
3.272112854126176806e+00,1.538243522476323788e+00
-1.631310923073203467e+00,-2.931529952869846856e-01
-2.144481188126034166e+00,-3.074946649431964385e-01
3.255281067161116759e+00,1.084945311456281036e+00
5.779206510605654046e+00,-2.156367050328783286e+00
-1.599400023997583187e+00,3.129850213625131050e-01
-1.765710382984504889e+00,4.525585565560202861e-02
-9.844552000306785455e-01,-7.272142372799422771e-02
5.330162506547027057e+00,-1.313722156613367220e+00
-2.426734789857999619e+00,-2.207919656537781772e-01
4.273089563062733021e+00,-7.525234371871827310e-01
-2.045096871530454941e+00,-5.595811597804317694e-01
3.422578845348407839e+00,1.585031866716863025e+00
3.482429554978679676e+00,1.415469368700183805e+00
-1.859358855482977191e+00,-2.641998552041150417e-01
2.721328553578539200e+00,3.836502447139416017e-01
2.800919528059813590e+00,6.210769282822045101e-01
-2.310993006084595347e+00,4.714474103374384217e-01
-2.182405441631319221e+00,7.824706176227901044e-03
3.024849627029788213e+00,-3.979988633672106313e-01
-2.043888683912041149e+00,-3.795023720589335570e-01
6.231246576368455692e+00,-1.797146003728540720e+00
-2.179589194975031230e+00,-2.060513346853906358e-01
-1.690723728815599403e+00,1.796881660060735686e-01
3.107569613249820062e+00,1.596876410024831383e+00
5.008539466443133747e+00,-2.136211920631304384e+00
-2.278225105671703776e+00,-4.673492736479388787e-01
3.236693325321223114e+00,1.773130943424427342e+00
-1.681567094999023126e+00,4.438585104227189826e-02
3.900681942464769403e+00,1.694043928047398229e+00
1.543479365125325131e+00,2.013795294426434346e+00
-1.742946982690256164e+00,-5.797975193701554453e-01
3.385879230434050147e+00,2.121332304764822041e+00
-1.104085718554333573e+00,-2.625073972602207095e-01
-1.784510123461102271e+00,-1.782855792205133294e-01
-1.572353325060459772e+00,3.127728691804056438e-01
-1.000888139425531564e+00,-1.209442426806501686e-01
-1.774552874487627774e+00,-3.763190226339921951e-01
2.798831541705187220e+00,8.348561467359566501e-02
3.308825211613881656e+00,1.051214325558325724e+00
3.437264043218276832e+00,1.369893178471920381e+00
-1.727504952612235467e+00,-6.506626285084710082e-02
-2.490124529383584751e+00,-3.717515638746947126e-01
6.266306074532319137e+00,-1.774527455963291755e+00
6.550909664921402698e-01,2.401346597520262360e+00
-2.566927890668794898e+00,-4.735293344738509269e-01
-1.887095835945324263e+00,-3.688459552584051337e-01
-1.059106674704544115e+00,-2.859443761766986003e-01
2.947463161016873112e+00,2.024785140066701350e-01
5.645253814239404200e+00,-2.637583118921654979e+00
-1.980061882104019677e+00,3.957481841724720395e-01
-1.698632169651389523e+00,2.207529436088903618e-01
5.891863638413667559e+00,-2.822008124242027183e+00
2.851887959865048394e+00,2.407338311849344381e-01
5.838620051612345208e+00,-2.807642321577715094e+00
3.323179749560161600e+00,8.805945521281682842e-01
-1.544904900158840411e+00,-5.313062022088592684e-01
-1.687972794156500367e+00,-1.733902802803420073e-01
-2.282963413805495723e+00,-4.012464298527498863e-01
5.824209923528080424e+00,-1.816578144838903119e+00
-1.091242344680119603e+00,-3.446889445190973733e-01
-1.694984838685555051e+00,7.370543876756232571e-01
-1.949811892469436536e+00,-5.555779066947548195e-01
-1.657563493325883597e+00,-3.283051957863340475e-01
3.401794227801466342e+00,1.366978094142598632e+00
2.857724847433353421e+00,1.138568226339465722e-01
2.894509435907719475e+00,5.030358937629142435e-01
-2.358239999327414793e+00,6.338595741146879625e-01
-2.237461765020901883e+00,-4.575904042263412297e-01
-3.112303469149073631e+00,-1.857252973141479135e-01
-1.708378032705542005e+00,1.871035371244894885e-01
-1.911466446850235590e+00,-4.164566483465431124e-01
-2.364438780548314245e+00,-1.168779003486911522e-01
3.004046444739973065e+00,7.288018879709697861e-01
-2.603189072524370928e+00,-2.653283340646317989e-01
-1.057138098958850136e+00,-3.437945970282822450e-01
-2.285160726434325884e+00,2.358033778895829713e-01
2.693229115455320954e+00,5.940912144622967350e-01
-1.647827037945481576e+00,-2.145652379220073236e-01
-1.559839945114432025e+00,4.329930615759388646e-01
-1.593590277016122547e+00,-2.846607321507403365e-01
6.740178440777884639e+00,-2.240642516278176899e+00
-1.717304251048969110e+00,-4.167199000886631644e-01
1.096878561001542796e+00,2.706714230925306275e+00
-1.581331663637713270e+00,-5.248538090674996492e-02
-1.701329950387838963e+00,-4.948814708399882911e-01
-2.523334799047147747e+00,-5.140627353092597218e-01
5.868830987447750225e+00,-2.835193780296006771e+00
-1.767821162330548201e+00,3.182876696415247730e-01
-1.541816903112464887e+00,2.946902256318189584e-01
-1.522286818712517587e+00,-3.665029477812012937e-01
3.466971661863397447e+00,8.375837016029833437e-01
3.479285365813093556e+00,7.706058162085999141e-01
2.796066608711528012e+00,7.986137758572379175e-01
3.415001122702699288e+00,4.673568788335530910e-01
-1.627917748972536494e+00,1.539829563572657212e-01
2.839541376716104626e+00,4.127201988285053580e-01
9.558768829963513181e-01,1.748809632302557038e+00
-2.587753687514093848e+00,2.426464630584409532e-01
-2.290664319863067178e+00,-5.536655581616544142e-01
5.035699896529816755e+00,-2.321358918796736059e+00
-1.722781897646836091e+00,-4.303802761437482971e-01
-2.336541387622091737e+00,-2.776057762899422632e-01
-2.274745629820728254e+00,-4.770624182433290672e-01
-1.695290582195615681e+00,-1.702709058877434692e-02
2.870421707881281037e-01,1.508975070887204728e+00
-8.947469476597328386e-01,-3.502459537563200054e-01
-1.775641284858608726e+00,-1.323414633821777542e-01
2.350171479217999515e-02,2.067771045460542911e+00
-1.798937117520877260e+00,4.607193235732110620e-02
-1.679750247390185969e+00,-4.716558878554201195e-01
-1.082767775016267420e+00,-3.707107685628330263e-01
-2.601508558632441126e+00,-4.957035531264611383e-01
3.567959161492462172e+00,8.881800558748023100e-01
3.068699096162640139e+00,2.148890889531108739e-01
-1.663399067522589148e+00,-5.647168612863993076e-01
-2.260356920338959963e+00,-2.265264852864143641e-01
-1.551034703539435400e+00,-6.255046762929852289e-01
5.797486806857966357e+00,-2.785750794685704079e+00
3.639884516658091318e+00,2.310798279791375975e+00
-1.784940747053074928e+00,-4.668646367014598342e-01
-1.033128471438696128e+00,-3.202052374755680608e-01
-2.283061673683695059e+00,-2.013371734042775363e-01
-2.328628090685026297e+00,-1.967454985635463394e-01
-2.345896288583692701e+00,-4.003397812336149109e-01
1.508918769569586926e+00,1.613525444907182527e+00
-2.495195936248087332e+00,-2.546749482862995517e-01
-1.782794919177687509e+00,-4.829440217641212674e-01
3.089055925183457507e+00,-4.409120235151366973e-01
-2.322585558187667321e+00,-3.973124454951159068e-01
2.640792532092041345e+00,1.167175001880160545e+00
-1.788295499046151260e+00,-1.381741351377484828e-01
-2.405260996270951246e+00,6.132498542621442339e-02
-1.471069833281443806e+00,-1.781440544458858799e-01
3.004182759639361766e+00,-4.956561973052202585e-01
-1.699448009594410225e+00,1.252818695157209283e-01
6.452872272558064282e+00,-2.513035040398853504e+00
-1.772803062658348860e+00,-5.681915531647439010e-01
-2.388439756649610501e+00,-4.888345401775241461e-01
-2.328599729694848630e+00,-1.574490741224079948e-01
6.370600035428537478e-01,1.876615211672053141e+00
2.489803258288181720e+00,1.297992626789088888e+00
-1.682559822286386009e+00,2.864203716597873983e-01
2.916636714705787892e+00,3.217334431081453894e-01
-2.297711441963678158e+00,5.254147920536619276e-01
-2.626290452362828542e+00,-5.298605522702628523e-01
-1.825967538250457212e+00,-4.308196090375467358e-01
-1.704011342930935813e+00,1.173042073302481419e-01
2.832225606412674956e+00,1.555009513223728768e-01
-2.293964727233577250e+00,7.723222452555508211e-01
-2.428754202492062308e+00,-5.194076848328625928e-01
-1.668185931122802668e+00,-3.860226010469392510e-01
-1.602735256377049833e+00,-4.791109554969314455e-01
5.572714346454110235e+00,-2.188494431254201622e+00
-1.959962336089381196e+00,3.469098485295063483e-02
-2.436618501524344449e+00,-5.614273747621744137e-01
3.346095373697505426e+00,9.430283312551860364e-01
3.948745351393467384e+00,2.232152991581775936e+00
3.276024514088292428e+00,1.429737278613607998e+00
-1.664446394203120017e+00,-2.603719593942238064e-01
-1.827406452638464796e+00,-7.978305580041269995e-02
-1.720246460631685181e+00,-1.684021912985272096e-01
-2.145649154096429090e+00,-4.226307646102462345e-01
-2.204929184966131217e+00,-6.231098150194405022e-02
3.520786661280612684e+00,6.467723800115182664e-01
-1.767398714457334208e+00,-1.799666150734878511e-01
-2.297976181139693264e+00,-1.819540857119670077e-02
-2.346194074510017824e+00,-6.677691205614737502e-01
-1.668959460184549215e+00,-7.329579612108603204e-01
-2.142760723556186520e+00,3.043595257424986933e-01
-1.056565995157231486e+00,-2.061322190138505095e-02
-1.694248075082814831e+00,-3.245883705452669576e-01
3.576085255903264759e+00,1.082727082024187881e+00
-2.477003897768678797e+00,-4.348860412099470052e-01
3.340294142877987316e+00,9.477462882299046987e-01
-1.654867373674456132e+00,-1.029712851533150647e-01
3.537023143208941178e+00,4.780292321641716469e-01
6.780545697292980734e+00,-2.301453874892325668e+00
-1.657547930743151321e+00,-2.297686364498476019e-01
2.858931582055783682e+00,4.176183778483685272e-01
-1.756659299692960863e+00,-1.426499855509248404e-01
-2.258718721159035603e+00,-1.010256773207642428e-01
-1.732597626334892782e+00,2.698012647989857932e-02
-2.215472445504134580e+00,-4.574486728988269024e-01
-2.249826058222814229e+00,-3.221825497316325726e-01
-1.627792315313991933e+00,3.480426815942370689e-01
3.436649594674811237e+00,4.734642279018907440e-01
-1.647726079333164284e+00,-2.029363286482063211e-01
-2.237947207446784326e+00,1.375361831099308763e-01
2.244858766633770486e+00,-4.167717601131171873e-02
-1.658987272172514515e+00,-4.671778797897278013e-01
3.465452623194750004e+00,4.782582589605090528e-01
3.531235317570540211e+00,8.132592918248463532e-01
3.337302946523402980e+00,1.217279773239106966e+00
-2.266594986862755956e+00,-1.774643473613584099e-01
-2.269631859600162560e+00,-3.462745220361367338e-01
-1.598727925374937353e+00,-3.227994243572701594e-01
3.386328971846586100e+00,1.379614021558713821e+00
2.889923784362760095e+00,2.661419524319723062e-01
-1.764604726843437277e+00,-4.450581108234245575e-01
2.883308033761029066e+00,1.548819417259839348e-01
-2.232146068987928444e+00,1.833593809248522111e-01
-1.635889590886728584e+00,-1.400924847408424878e-01
3.435838074544071752e+00,7.160187597014263661e-01
-1.782350812176840993e+00,-3.676636643216558142e-01
-1.699003316460280022e+00,-2.233025535408693085e-01
7.915295562687022501e-01,1.805270393885783919e+00
-2.349771469005495828e+00,5.550072860986398071e-01
-1.803838334513617303e+00,-2.996768035560415377e-01
3.562775201439212225e+00,1.455721037998699785e+00
-9.325333310997200309e-01,7.709983197797668983e-03
-2.402024286889340665e+00,-4.189695918102409045e-01
-1.650872587072170772e+00,-5.069943535727771122e-01
-1.675083273657895111e+00,-4.918573169673754464e-01
6.199008254140058405e+00,-1.846225562250440877e+00
-1.641958025068997573e+00,-6.191010509323928712e-01
3.339394699160727065e+00,1.161564196502086865e+00
-1.800492807573050191e+00,-5.491736137315358368e-01
2.729625578938362551e+00,5.706370946340492134e-01
-1.732021536606334511e+00,-6.108347325451114473e-01
-1.777425787856308226e+00,-9.419535991454740242e-02
3.491326715307929263e+00,1.101968204102113269e+00
2.860337820853848800e+00,7.851046900358957942e-03
-2.299909168439158602e+00,-2.925875509299967758e-01
-1.645124196160375307e+00,-2.943559939991742813e-01
-2.025529450168794821e+00,9.293136216386435056e-01
-1.539179359106345624e+00,1.119871614778427671e-01
-1.660384782322789077e+00,-3.070043534407131403e-01
-1.057224029238069907e+00,-3.562082482804520556e-01
-1.539326731514328639e+00,-2.340266965673922506e-01
-2.517244797336452233e+00,-2.490422726929066299e-01
-1.595070296342138594e+00,-4.947892458740938415e-01
3.415559701695658923e+00,5.876009160856927593e-01
-1.689656846647310529e+00,2.695097853740167637e-01
3.400498492846763199e+00,6.581899769648923426e-01
-1.567000715417998569e+00,-4.866829375825775794e-01
-1.676583419401559638e+00,-4.018602736595022762e-01
5.941453816751716133e+00,-1.874255588669647699e+00
-1.593401999968551808e+00,-1.479649197184045584e-01
-1.686367263878442602e+00,-2.758874777785637056e-01
3.449260584765326598e+00,4.662572646698507906e-01
3.667866549112891672e+00,1.979410625307983285e+00
-2.431607983999473976e+00,7.253351352792704043e-01
3.519166952233781398e+00,7.672397855608910078e-01
-1.842082714210653949e+00,-2.016460863707235027e-02
-2.245585380773532425e+00,2.015719945327284490e-01
-1.667970491891960005e+00,-1.932805094356130626e-01
5.606710678304490658e-01,2.438731028127744782e+00
-2.753342842096309528e+00,-1.401970435128079839e-01
-1.041880517597702172e+00,-2.171230920655401742e-01
-1.633554022879046830e+00,-3.729495690168768696e-01
2.805718389389004752e+00,-5.923031866059882966e-02
-1.889705066954965984e+00,-3.460349281286217993e-01
2.242962824393383237e+00,1.998527921644641624e-03
-1.727176347055382699e+00,-3.038087037759150122e-01
-2.451054910285804578e+00,-3.803922730363365479e-01
-1.907867908583226857e+00,-1.422863556073494795e-01
-2.273431508054494454e+00,-1.291327473264778092e-01
-1.759032010015735947e+00,-2.500061606301985928e-01
-2.296329578121105275e+00,1.429028027619966452e-02
-1.734993358803374575e+00,7.200158050899549411e-02
-2.391901392778098323e+00,-4.158460854043307120e-01
-2.290488052147711340e+00,-5.309806805014252173e-01
9.592515536127805831e-01,2.461314219358164301e+00
-2.179675673026756577e+00,-6.199570694984674057e-02
-1.996605009170743017e+00,-4.916727841222878759e-01
-2.719951499323983501e+00,-1.689962582998227048e-01
-1.649885665779944333e+00,-3.860771176842768826e-01
5.707989644249598982e+00,-2.134143108902505137e+00
-2.441088466612591823e+00,4.078703364612391025e-01
2.795673891718461590e+00,3.708034057247758808e-01
-2.414059371439121193e+00,-3.297116300696240065e-01
3.488278380206755180e+00,4.843396392800234374e-01
-1.725437153325919404e+00,-4.367376708161418986e-01
-1.576613502425301405e+00,8.306897090456348554e-02
3.822144818305771796e+00,1.788337900581215667e+00
-1.645153932103926797e+00,-6.358292147702819808e-01
-1.953287560277646495e+00,-5.995793520106021957e-01
-1.484921653754537996e+00,-1.366496199656605237e-01
9.109652403382385577e-01,1.855621383163134075e+00
-2.131257920554017193e+00,3.052034059013012390e-01
-2.736647387842305879e+00,7.845453929059822418e-01
6.302134898411887676e+00,-1.835180738872348449e+00
2.755645237648129520e+00,2.180534973364508244e-01
-1.630101696149088175e+00,-2.752401988359259866e-01
5.897470120367545032e-01,2.363456259575989371e+00
-1.595375999055581584e+00,-2.343031651672740356e-01
2.760108460478889914e+00,7.973246554074843173e-01
3.181359975205749091e+00,1.946772793701961657e+00
-1.686625001264596913e+00,6.415178189387348018e-02
-1.763719413679523562e+00,-5.991786180353574354e-01
-2.410913006205734010e+00,-5.865982019607387521e-01
-2.282403388904095554e+00,8.811137697153658133e-01
-1.020747767271763973e+00,-3.433519092492958724e-01
-1.120953335430770581e+00,-3.034467192612825825e-01
-2.376098887385612368e+00,6.198049472176344610e-01
-2.459745242912570351e+00,-2.691928082834830205e-01
3.240264483706414733e+00,1.818333487808753146e+00
-2.056887728438571372e+00,2.952323713283036208e-02
-2.562649596391103568e+00,-2.060787527904303362e-01
-1.597933625372980115e+00,-4.376369200925334657e-01
3.504087771655369110e+00,9.780213985497522300e-01
-2.465139512718308890e+00,2.468152114355603305e-02
-1.820426718551495071e+00,6.344532193849562740e-02
-1.689532959119351307e+00,-5.314559819593595025e-01
-2.333272831461044472e+00,8.284116385478195177e-01
2.786155089515409244e+00,1.181601946233250128e-01
-2.917374271941159503e+00,-2.125982841646360533e-01
3.354101311727795576e+00,4.608816232599923790e-01
-2.464296848074012392e+00,-4.099015281857920079e-01
3.470984175179100184e+00,8.246197234561523093e-01
2.667714424464828760e+00,5.488483354000781578e-01
-1.727364955788846412e+00,-3.822569702645502443e-01
-2.268652227867251625e+00,-3.670990440347400852e-01
-1.822941475563067515e+00,-4.450007126035750160e-02
-2.414052697393313629e+00,-3.670851959109683316e-01
-3.044467628467640186e+00,-3.567177623168520800e-02
-1.094582178788218840e+00,-3.318497175393410603e-01
-2.306390436953341450e+00,2.717574270908144074e-01
-1.734393426997384413e+00,-5.101621032922427634e-01
-2.347509054034343290e+00,2.972972295738366202e-02
-1.760818828721691265e+00,-1.485376867171103732e-01
3.350409517988119035e+00,7.991853193387912224e-01
-1.074356853967827208e+00,-4.808602103369308267e-01
-1.620160917343470564e+00,-2.591857787959664372e-01
-2.339735865749413612e+00,-4.396617624475976926e-01
-1.799630397580560759e+00,4.879765628738466123e-03
-1.739558158762173123e+00,-4.138740040028814349e-01
6.210317615200982466e+00,-1.864229293195801551e+00
-2.204545645982867175e+00,-3.308351795492836533e-02
3.634250304947867605e+00,5.784972258784761845e-01
-2.021712277194004592e+00,-2.702581752870206744e-01
2.791521221886810178e+00,3.289872080350909611e-01
3.349114511777875336e+00,1.184534731577470135e+00
2.740987016101688045e+00,5.299805431402471179e-01
2.593790880035830249e+00,4.594738993285821804e-01
-1.633920637869969328e+00,-2.242852246094848012e-01
3.256754550537971138e+00,1.266881992490185960e+00
3.217953316210965031e+00,1.158990055079020642e+00
3.584261625425540831e+00,4.404714862580033086e-01
-1.782788402890602031e+00,-3.988566666331990751e-01
6.126818269570438069e+00,-1.743015229673219091e+00
-1.067141059878358167e+00,-3.014220875350405726e-01
-1.099307582646328774e+00,-6.023414020567192662e-01
-2.305369766715001933e+00,-5.737816931661664510e-01
2.742097756074261650e+00,4.979724950212658374e-01
-2.248393496841872619e+00,-4.234493355551219307e-01
5.552478605259213440e-01,1.751704387457809542e+00
-1.671573711544309004e+00,-5.171262465809521591e-02
-2.438388326565029018e+00,-2.773977633306050627e-01
2.821196639921556670e+00,1.903959726518038298e-01
-2.332462843007732989e+00,-6.036442547904204842e-02
-1.544723922027604557e+00,5.350597729727771812e-01
-1.743733955368124366e+00,-3.858221631340097990e-01
-2.253374885174059816e+00,-1.664800521936117828e-01
9.117405397226105990e-01,1.951817871371970492e+00
-2.292890062125701789e+00,-3.477739583048898298e-01
1.052288190633723364e+00,2.238912139190242900e+00
-1.809965856154363673e+00,-3.334462193705373667e-01
3.610089678689266446e+00,1.909036820000569845e+00
-1.856579250068186804e+00,-3.436572746601105344e-01
-2.541664441452501588e+00,-1.908212235349366140e-02
1.129468288376274110e+00,2.177563095361374934e+00
-1.639342144769633469e+00,-4.839796286858506491e-01
6.641633318347444970e+00,-2.317149857389010137e+00
-1.893808164432724039e+00,-4.224453816091556790e-01
5.495947622234607977e+00,-2.570475110129812002e+00
-1.055315685399201620e+00,-1.114072089419376743e-02
-1.559075777644700178e+00,1.308155704659843543e-01
-1.628814635435160696e+00,-1.026240697471209606e-01
-2.251120004843158995e+00,-3.487074361088310925e-01
-2.314718208464923599e+00,1.440844556594894077e-01
-2.319038962980708884e+00,-2.411464570873785851e-01
-1.756886164067421596e+00,-3.006514805597242379e-01
2.700015194692575005e+00,7.875257162775164410e-01
4.492728986939127922e-01,2.166044114195015968e+00
-1.821892790795839545e+00,-2.372013379079844775e-01
-1.070802772982610618e+00,-4.042622304362536445e-01
2.893780208387719544e-01,2.054944076192962932e+00
5.566218472734753675e+00,-2.600661799884698144e+00
-1.653499430974417317e+00,-3.665166588013753501e-01
-1.089431120032299471e+00,-6.456155037638772187e-01
-2.420021593226912238e+00,-3.931158767623971761e-01
6.211381931090880215e+00,-1.759594179282532034e+00
3.476012428331716642e+00,1.122197338314822490e+00
3.511970104012821281e+00,1.250664647589901035e+00
-2.474992484238182744e+00,-7.942928888402557563e-02
-1.866088791275273495e+00,4.425997084473887178e-02
2.958584132733460326e+00,9.139264413660599939e-02
3.474978661811180203e+00,9.883208685666616811e-01
-1.947348219109569456e+00,-5.134960388752599636e-01
3.395684922988329912e+00,1.110696836775362240e+00
-2.365598847054642739e+00,-3.548455218136022382e-01
-1.642031894330001629e+00,3.328392397685100285e-02
2.138479183835837016e+00,3.063120047787140643e-01
-1.633048012091110390e+00,-2.221393988684735310e-01
-1.067336680357364953e+00,-3.801984681179269576e-01
-1.001287454837362034e+00,-4.074968252487203291e-01
1.764046211278009535e+00,1.840960188063157421e+00
5.810191816078048355e+00,-2.781708663076860599e+00
-2.117814808187440612e+00,2.674576012455774920e-01
3.521227623896570957e+00,9.912135221821091191e-01
-1.035401656671628867e+00,-4.109822398191481096e-01
5.586347669503378910e+00,-2.681784236377469988e+00
-1.823001052590164983e+00,-3.453540223996811598e-01
-2.304919474417080671e+00,1.363996271928636650e-01
-1.797504092541564846e+00,-6.599140219326743440e-02
3.425038348560744073e+00,6.824694890362663635e-01
3.345158063977939022e+00,9.478716044671665619e-01
-1.814695085570106725e+00,4.129113707640975212e-02
-1.680498561310392658e+00,-4.426065300997412688e-01
3.294354678837001948e+00,1.143110285401988335e+00
-1.132488994688356509e+00,-6.530781527294244881e-01
-2.012164613962918569e+00,-4.584248362470413340e-01
3.546890506587181413e+00,7.135930583088825330e-01
-1.500209516304936486e+00,-1.642608903433953882e-01
-1.739034988145839788e+00,-2.820426866726062631e-02
-1.101678296143081770e+00,-3.628326769011532837e-01
-1.657014522973456472e-01,-2.151555844502023029e-01
2.787101728209495199e+00,5.878770122421342892e-01
-1.653726997608242710e+00,5.439034218153836198e-02
2.839640652471167037e+00,6.415157822803773113e-01
-1.827440630800313937e+00,-4.267346733198482678e-01
2.905052357800767204e+00,4.171983892511472169e-01
-1.776050064619508984e+00,-1.885252648687661403e-01
-2.256594721133060588e+00,1.666729120415496451e-02
-1.785708121382507674e+00,-4.371711574407533552e-01
-1.612331575106873638e+00,-1.732296852720248137e-01
3.337172825179673730e+00,1.193420912550072766e+00
-1.467189137573354563e+00,1.501448849212759784e-01
-1.658563684468538524e+00,-3.694014362182899136e-01
-2.353709968638900030e+00,-2.697793429556015754e-01
2.958066649748626098e+00,4.842488272613560962e-01
-8.941452451919570388e-01,-4.059479257009532827e-01
-1.765123280302198783e+00,3.713184005630590367e-01
3.508162189868688330e+00,1.265652323166234439e+00
-1.699638480427134501e+00,4.003568065023975671e-03
-2.125940610097130090e+00,-3.436491948755301395e-01
-1.065110380247079380e+00,-6.199575306466698077e-01
-1.038812701461456989e+00,-6.067186355568863210e-01
2.760647109373733255e+00,4.926869705713592951e-01
-1.663200784512435915e+00,-1.395861928095034621e-01
-2.326859588326061434e+00,6.329575075560034403e-01
-1.739920814251342929e+00,-3.461730990532448371e-01
5.644453293571642938e+00,-2.659278084554855592e+00
-1.838838076527784748e+00,-3.102221570751498292e-01
